21393
-98534
21393
7622
53106
53106
53106
52406
52406
52406
7622
75294
16574
-58503
-61796
24549
-46648
90313
-46648
13130
90313
90313
13130
90313
13130
90313
-95742
-95742
42557
42557
-73907
-83043
-56142
95532
-56142
-56142
95532
61106
61106
95532
69624
69624
-56142
87045
66198
69624
-31462
-64715
87045
-34820
-31462
-92597
-34820
40463
-34820
89509
40463
40463
-42274
10442
40463
-14031
33508
-14031
-7429
19644
-7429
40463
26891
-6925
-6925
-9870
-6925
-6925
-68517
-81782
26891
1419
-83753
-65860
-81782
20030
58431
-65860
58431
94439
6340
-65860
94439
-83753
-97779
-26355
6340
-26355
6340
-26355
-60574
-97779
-97166
-98543
38238
-26355
20785
32501
-5822
-64950
38238
-64950
-87422
-98543
-94261
-5822
-54546
-37258
-37258
-94091
11233
-60465
-60465
-55221
35977
-55221
-86880
-86880
-94091
-10263
52579
-94261
-10263
9573
53753
35977
-10263
-10263
6269
19507
16105
19507
-86880
57484
36035
-92286
-33949
-86880
6269
53753
84744
83260
-92286
-33949
16105
6269
-33949
36763
89135
36763
-44055
-33949
-27021
53753
-38952
-92286
-27021
73302
15185
6269
-92286
-44818
28792
15185
-92286
40647
73302
-92286
73302
53753
44511
-62038
9277
-50621
-38952
6269
44511
-93638
80246
-93638
53753
73261
-50621
73261
73261
73302
73261
1374
-86969
73302
-50621
29710
41025
-89161
73261
-4727
-4727
3354
56391
92506
-50621
56391
29710
87008
-50621
-50621
-50155
-50621
-50155
75770
26674
26674
91090
-81106
67744
-50103
-50103
69807
69807
69807
-93450
-93450
-32567
38215
38215
29372
-28733
94126
43016
90037
90037
90037
-28733
-28733
94126
8142
55705
55705
-96683
-96683
-96683
-66553
49471
-78257
49471
-78257
-78257
11487
43039
-28923
-45114
-28923
-33799
-28923
-48174
-98473
-24221
-32070
62353
-32070
62353
-9643
-9643
-89510
-5510
19356
72277
-82693
-89510
6405
19356
-5510
-5510
42216
19356
-59006
65646
-96216
65646
75070
-95585
-23747
-47669
65646
-53047
65646
-53047
-40897
-68882
-47669
-53047
42216
-47669
-3517
-68882
-59006
-23747
28448
51522
-59006
42216
-18580
17611
6106
16255
17611
6106
6106
6106
-35752
-14791
-96894
6106
-35752
-42952
10108
81188
82786
46766
-35752
-72838
-35752
56532
-72838
4135
56532
81188
-83571
-72838
56532
4135
-72838
-25497
-72838
4135
6888
-15821
6888
77548
66960
-99790
-79170
20180
20180
20180
-79170
29729
-25513
-79170
97079
97079
-25513
45322
45322
97079
97079
-79170
-25513
97920
45322
-97770
-19330
-4139
-97770
24356
24356
-4139
24356
-8383
24356
45989
56751
-97770
97264
-33885
97264
3364
-57010
-8383
-57010
-84237
68466
68163
-19330
56751
99582
3364
45989
45322
99582
44044
44044
9932
68466
17203
9932
9932
42764
60127
63775
74965
74965
-88654
63775
99582
42764
98191
-22689
-33885
68163
-33885
78585
-30516
99582
-6960
37581
-5770
68466
67580
42764
68163
-3007
-57010
-79212
99582
58216
99582
17249
-3007
50141
-79212
60624
50141
-5770
81897
58216
-84237
45207
17249
-30516
-70457
13550
86876
-89793
86876
-63282
-88654
-15656
13550
-70426
-70426
-29156
-15656
58216
-70457
-70457
75893
63775
-44000
44044
-15656
43505
13550
-15656
-30516
9932
86104
-37496
53815
86876
-59739
78495
-41479
78495
44044
-30516
37581
-59739
-42169
-70426
76969
37581
-48446
-84814
48900
75893
-41479
-95239
99582
-95239
-12958
-12958
72760
-70426
-63282
-5090
5613
75893
44044
-95239
49449
-969
76969
75893
-52010
-44418
-44418
-8412
87723
53815
-23970
91334
49710
-93656
-23970
49449
91334
-36787
5613
-29361
76341
76341
29837
93597
19359
-969
52393
-969
52393
-23970
91334
-93656
-29156
91334
72760
5613
-29156
67317
-2818
2555
-91356
6756
27027
-92680
-91356
-91356
10305
57282
-726
67317
-726
-2818
5613
27027
-726
44044
27027
10305
-22993
10305
19359
44412
-87317
-53994
-60407
68729
23543
-22993
43198
-94774
96599
68761
-3352
25051
-58732
-94774
-86757
67368
96599
91334
-86757
-9426
-9426
-58732
-90242
96599
-86757
-9426
79546
85469
67807
-87903
91334
-58732
91334
60032
-9426
50480
50480
3889
91334
67807
-9201
-15069
-94770
32374
68024
32374
-58732
32374
-22993
-99162
69445
45600
32374
-81421
78253
69445
91334
32374
-58732
74781
91334
-81421
-91069
-81421
32374
-58732
-81421
-3586
-81421
-46551
-25331
-58732
18364
39624
18364
62879
-17505
62879
-25331
44529
43235
17351
-70509
-17505
18364
58734
68579
92015
15319
92015
44529
52104
91334
18364
-48412
58734
-48412
15319
58734
17351
-27058
35320
-38854
361
58734
69087
-38854
-83259
53330
66715
69087
-7412
4355
73602
71620
71620
-98979
-48412
53835
69087
-27058
-48412
52104
-48412
53835
52104
-5751
69087
-27053
75827
85287
-27053
52104
36752
-52721
-49939
-38854
-51598
53653
-91073
66533
-20079
-63803
-68516
-32899
9989
54072
22236
-23328
36752
73971
85145
-63803
-37882
-37882
-21965
-45963
-62356
4355
33330
9989
-37882
-21965
42440
-63765
57048
-23328
80357
-18692
62382
-42154
59929
85145
-18692
-62875
73072
80357
-46140
-39201
2249
-3032
-39201
-25107
2249
-18692
18247
-75739
-18692
72440
-45552
85145
-45972
46846
18247
66708
80357
-18692
-73203
-25107
-64276
-16595
-73629
-14089
92817
86517
-73240
83881
72440
30913
46846
-63033
62382
-9399
30913
46846
-81841
-63765
30913
66708
-39201
-53352
-73240
-73240
-80997
59929
-25107
-73203
-24106
73072
-20286
-63765
72440
59929
94337
-80997
59607
-30421
72440
14545
-64276
-39201
-23328
-25107
14545
-24106
54072
62382
-53659
-30421
-30421
-90545
-24106
72440
-80721
-39784
47590
28740
42845
-62168
-24106
-73240
-14747
13930
-25107
62382
-64276
-43103
52395
-30421
58917
-25107
-19262
-7892
-7892
50918
-7892
9340
20369
72440
-43103
-98825
-53659
41425
-79667
26783
62382
-73240
-19341
-74406
-57964
-97743
-49763
-17016
-30421
-30421
-30421
-57964
-96991
-57964
-30421
82815
62382
-96991
-30421
1490
-19341
-57030
-40400
1490
26783
-19341
1490
-43103
7547
89698
-24106
-25135
-19341
40332
83243
13930
-30421
-90545
71972
-24106
-37968
13930
13930
-97743
63198
12095
-33188
42845
40332
12095
-93774
70717
83243
42845
-93774
-27239
12095
40332
12095
-97743
-91836
-97247
90592
-97247
42845
6008
-93357
-50033
98651
-27239
48323
90592
6008
-27239
73440
73440
69476
-33188
73440
-30151
81926
26783
81926
-93774
-41630
-69465
-50033
40332
53086
98651
6008
-30060
-24106
-70588
-46503
-24106
-46503
48323
-69465
-69465
78618
-91492
70298
88243
48323
-52729
43218
-70588
-50033
81926
84348
-30151
-50033
-91492
-30151
-97247
-70588
88243
-50033
26783
54646
-52729
-7967
1453
-91492
-52729
34284
58301
53086
43218
97430
34284
90592
9355
-30768
34851
-85857
54646
90592
-72256
54646
53086
-50030
54646
1453
98651
-83220
-52918
-24106
40836
99858
81926
9355
-24106
-77648
-52918
-24106
-57486
37287
-20266
-77648
-30060
-30060
53086
53086
53086
9355
-30151
44490
-89179
94857
-88173
-94927
44490
-93843
-24106
26783
-57486
24577
37287
-83220
-77648
24577
19210
54646
-83220
-93346
-93346
-45964
35324
52954
-89179
18351
35324
-13206
-53814
-83820
50154
-93843
84359
63585
96865
-83820
35324
-91492
-30060
-9415
22835
-47325
-720
-77648
-77648
93405
63859
27576
-70935
19210
-53814
-92541
9355
-720
-55727
-22288
38305
40124
19210
18351
-47325
-55727
-60120
53086
-72096
-41646
-47325
-30060
42845
22835
94857
37287
-22288
-94927
-46503
-28052
35324
44508
-93346
45623
44203
38305
-94927
45623
29878
42845
-11345
-8390
97376
97376
-70935
-70935
77490
-77466
-94927
2005
-53606
-22288
44430
-25254
-84460
71210
-37027
-37027
38195
37287
-28052
90473
72719
22835
27576
-25987
-11345
66946
42845
-90636
58240
66946
26783
-30060
-22288
-24931
-15322
-55727
29878
-53814
-76775
-67177
-22288
64796
77692
87263
-11345
41347
-45964
44508
8761
74090
-99485
63859
90473
-24931
38195
71210
44430
26783
29821
-8390
-11345
-30060
26783
-15322
-64299
-31321
-53253
29274
-93373
48080
8761
-67177
-15322
-82521
-69451
-22596
-99485
-22596
48080
-22288
58240
-15322
-82521
72181
-37027
53086
57247
57247
-11345
-25584
-94315
-6356
-76775
-64788
-36194
-99485
97758
-82521
-64788
-22596
-65468
-69451
94857
-6356
94857
93084
-18209
-67177
-18209
-36194
11863
-64045
-64045
-24931
-36194
50810
-36194
-47618
-34645
69436
68253
-17813
-24931
97758
-31321
68253
15493
71384
-64045
68253
2005
-70648
-991
-76775
60145
95612
-53585
95612
5684
97758
-98216
-64045
41347
-98216
-70648
67579
25323
-1582
95612
-67177
94169
-23714
-83209
50810
28935
38084
27262
-92953
-98216
27262
-98216
-98216
7059
-34645
-92953
94169
94169
25323
50810
38084
-8946
-70648
-11925
-67177
-85637
-34645
91409
-50762
-34645
72633
72506
72633
19987
-6555
43533
72506
65491
-92115
38084
82770
76881
22323
38084
38084
43533
97758
43533
64922
-17380
-92115
83637
-1582
-17380
50643
82770
-50762
64922
-47223
-9525
64922
50810
38084
38713
19937
64922
94169
94169
-95827
76734
19987
76734
-17380
-95827
94169
64922
91978
-50762
-50762
34075
43533
50810
-41335
-41335
-69363
-17380
-17380
-62029
-69363
94169
-1582
21626
6146
38713
93017
19987
3797
-69363
50810
6899
97758
-69971
-69971
-69971
50643
21626
-1582
-69971
21626
34075
-1582
-92677
-69971
21013
50643
17743
6899
78116
21626
-66629
-92677
30618
-66629
4980
-17380
-47990
-14905
-92677
21626
78116
-17380
78116
-14905
-35451
30618
2173
-50762
2173
2173
-92677
-92677
33772
31389
-92677
-44963
33772
-89640
78116
91252
54729
97758
-77599
-19171
-37
33772
91252
8422
33772
25630
-66786
-14905
-2187
14496
-80805
39338
-92677
2173
-77599
-28860
-87426
10808
-37
23750
-80805
-22047
51873
32000
-37
-37
2173
54729
-23688
628
91252
628
25630
-71623
-71623
72326
23750
-28860
46634
40956
-35520
-54469
42663
32000
-87426
-54469
51873
42663
79298
49462
-87532
-87532
98893
39338
40956
23750
15724
53521
-71623
-71623
15724
-95903
-87426
-28860
-28860
-71623
-54469
-23769
42663
78027
10180
22055
-95903
-20247
32866
17004
-28860
-80332
-80332
-26617
-85556
97404
-94739
22055
-71623
-54469
20087
97404
-77834
-28738
91252
-54469
-54469
84660
10180
-77834
20741
35006
-97789
64803
35006
-80332
-19858
58217
58217
34626
-80332
88017
-80591
-80591
36131
-14056
39338
-19858
-95903
-24977
84660
-95903
97404
-98677
-41468
20741
98893
88017
10180
-29032
-95903
25823
10180
40771
-39124
-56218
10180
-4444
-36230
-29032
-27460
-26617
82583
-38747
-71623
-77834
10180
-80591
-82464
-38668
-9400
35225
92285
-68411
-81063
-15549
-28738
92285
-15549
-90997
65518
-72957
20741
25823
-74336
20741
-90997
18433
28367
-54469
97404
56675
21824
-74336
28367
92348
-26617
-29185
65518
-9400
-97861
-81063
36131
-26617
20741
-36230
25823
97404
5376
-28738
-1278
45604
-90553
-24977
-29032
97404
-74336
-29032
65518
-11354
-72244
-92044
-72244
45604
-71623
57548
20913
-11354
-26617
-72957
-26617
-58353
-90553
81963
-72244
-29032
-55692
-56218
-52861
-68411
-14378
49358
25823
-28738
93159
-61027
-95805
-53164
-9400
-11354
36798
81195
36504
-1679
-55692
57402
-16699
-58353
-50937
81195
86949
11450
-82464
-81063
-9400
16013
77437
20741
-9400
-87408
-54469
82586
77437
-72244
-53164
-29032
81195
24536
-1679
-17693
-50303
-72244
11450
55376
77437
50901
77000
72692
-52539
-87408
-68411
77000
16013
25823
-53164
-17693
-86431
-17693
31081
81195
77000
36504
-81823
45479
63054
16013
82986
24536
-81823
97404
-87408
36798
-54469
-61773
31081
-53164
-86431
63054
63054
-4444
-72604
-86431
31081
-86431
31081
22334
16013
-54469
-80820
2223
-85690
-17693
-62667
57402
76544
-8347
-17693
-16699
63054
-17693
-90997
63054
70717
-90465
47918
-92110
-61773
83747
70717
16013
50901
-55311
-55311
76544
20741
63054
45479
-57362
-86431
-55311
-53164
30868
-53164
49066
-57362
36798
78371
-81823
36798
-77612
-54469
-94861
-76780
-97628
-55311
92571
-57362
-76780
-87805
-53164
88067
-82342
-83472
-28495
-8702
-83472
47009
8978
-45830
-52861
-53977
-54469
-53164
-8579
23327
-56561
62160
-8702
-8702
16013
50887
47009
-37406
-74441
80433
-82328
-21370
2223
-82328
30991
-37406
88269
73557
5650
76544
80433
-54469
45354
16471
76544
76544
-85239
-85690
2223
-76423
8978
-85690
1145
16013
19217
-71417
8978
-76758
68709
44575
-93380
71981
80433
28358
-10935
45354
50887
-81389
71981
-81823
82810
-55065
19217
-96212
69614
-32264
50887
1145
-10935
-71216
-93380
78371
57306
-71216
-81823
-8579
44260
-4444
78854
71981
71940
71940
22175
-58978
-38625
62572
6757
68422
50887
68709
-36597
-85690
-36597
9466
33652
-54469
-81798
-8579
75398
-55065
-36597
-835
50887
18413
-71216
68709
-85239
2386
50887
57849
-49537
-27818
-55065
-81798
33652
28951
-53164
33652
16684
-55311
11909
-19650
-96212
35160
-20674
33652
-54469
2386
63898
97404
83925
75398
-20674
-20674
15742
-96212
-81823
-23743
-56627
-36597
-54469
50887
-95550
-81790
-23743
4299
-49537
-81798
25823
57849
71195
-19333
49150
-4186
-61505
19097
33652
-54469
-76058
19097
-81798
-76058
11963
-98024
-43574
-99614
77365
-81798
79476
-53164
75398
85862
-76058
-4186
19097
-12259
-98024
11963
-23743
68709
-22387
39014
-54469
79476
-53164
84087
85012
-45857
63898
63138
-32879
-99614
-81798
-53164
23248
63138
-23743
83123
25406
12336
54906
-26774
28951
-32879
75398
-95613
-95613
-7554
11963
-98024
-23743
-38888
64373
-19784
84087
95133
-65514
30787
-23743
91808
91808
-55642
75398
-98243
30159
-64985
-98243
-55311
-26774
-19784
-23743
91065
-64985
84087
84087
-7554
-19784
2386
-53644
-39159
-55311
-7554
2386
59887
-7554
-70946
-44747
-70946
-75102
-12259
-22588
79476
-75102
-22588
-20174
-20174
-55311
41538
64112
91065
-53644
-78335
-78335
-12350
30159
52498
-7554
91065
30159
-70946
-19784
87634
-7554
42927
-50837
-19784
91065
-16082
-91601
-50837
-2168
-75102
-50837
-16082
-2168
-75102
55343
51791
-50826
-73784
51791
-50826
-12086
55343
-33784
-3274
-12086
-75102
-16082
-33784
-50826
-79082
52498
11583
-50826
95508
-33784
-33784
-37044
-37044
70850
-114
23319
-114
-44188
-44188
92353
-64722
-53784
23319
-21983
-21983
-21983
-61405
11924
-64722
91696
87109
-27334
-65088
-90036
88586
22647
4508
88586
4508
88586
40088
-1482
40088
-58113
51576
-65088
-58113
-8080
-85996
-76885
-65088
-85996
40088
-26633
-65088
-49007
-55285
-8080
66725
-8080
55235
58973
58973
58973
84890
40088
-49007
92708
-49007
-17255
-65088
85452
-17255
42618
35875
40011
35875
41516
94376
-48610
-48610
-65088
94376
-48610
94376
-17255
61451
-89008
-98759
35875
-98759
74551
74551
-42881
-62330
-17255
-17255
-78761
-62330
-59751
-59751
-78761
-59751
-78761
77148
-62330
-91207
-91207
77148
-6525
-6525
-91207
77148
31630
78166
35496
31630
77148
-60557
78166
97190
-56960
-86070
46050
78166
-60557
-56960
46050
-57552
-86070
-83588
6191
97014
-7211
-86070
31630
-7211
60310
33521
-60557
-60557
45005
50433
98344
50433
-7211
-62625
48742
74143
-94956
-94956
1370
79554
-29494
6191
-62625
55476
48742
55476
1370
1370
50433
1370
-78588
50433
-43515
48742
48742
-43515
48742
50433
-78588
-825
-78588
-78588
-78588
-78588
-825
37815
33174
33174
33174
4650
1843
5418
1843
-87801
-49564
-87801
-18967
-31285
33085
33085
-25164
-60668
97067
-32002
-32002
-32002
-48139
97067
-60668
-48139
97067
-31025
-25029
-60668
52860
-12204
-91868
-12204
-37962
537
-37962
-37962
-37962
537
-37962
92040
-11702
-72508
-51543
73656
73656
-37962
-6774
-13402
-19129
-10639
-92267
-13402
-72508
88598
-72508
57126
57126
-72508
-69360
8551
-37951
-37951
-11856
-54603
-18276
-18276
29485
976
-18276
29485
-54603
-75094
-18276
98428
98428
-58530
-75094
98428
-18276
-18276
11351
-75094
29485
-75094
55393
80053
98428
-75646
55393
-46961
-75646
20539
-58530
29485
84766
20539
84766
-87825
76111
-49471
83303
-87825
-87825
39587
39587
20371
-74742
20371
20371
83303
83303
43580
43580
2728
-60411
73458
-60411
73458
-30493
2728
2728
2728
2728
-94534
-29237
47753
13535
64391
12359
64391
12359
12359
10403
-34375
12183
59027
48547
48547
3721
-57975
-57975
48547
14072
-57975
40417
-6567
40417
47157
18407
90433
-4453
-79572
-4453
-79572
-79572
96286
70389
-70291
-72994
96712
96712
96712
96712
-18249
69347
69347
92413
92413
53744
53744
53744
79113
-8355
89494
-27628
-27628
28030
-487
-87787
-87787
-87787
42671
42671
42671
-14823
-27011
-27011
-69585
15205
15205
80503
-94449
-14902
-14902
-14902
-87824
89743
89743
-71910
89743
-68331
38098
38098
12217
12217
12217
16557
16557
16557
-45655
-45655
-57502
-56436
-85924
-56436
-11402
35405
35405
77806
-12543
64275
10227
65633
-87869
-87869
35785
-79663
-79663
-79663
-79663
-89493
-89493
29356
76670
76670
-74266
47851
75589
32031
32031
11997
76670
76670
6885
11997
76670
6885
76670
76670
76670
76092
76092
13613
82585
82585
32092
-66310
-66310
15153
15153
76852
76184
-312
56270
-312
-312
-30423
-312
-24187
-312
-24187
-312
96680
96680
-312
-37147
14607
41249
-37147
-60422
14607
-60371
14607
-60371
50459
-13573
-13573
-42908
-97336
-25890
-97336
-42908
-25890
-25890
-42908
-18631
-25890
-18631
18635
-25890
62068
50483
62068
62068
65442
25137
50483
50483
-19157
62068
-25890
-32494
-19157
-73945
-73945
62068
62068
-21872
-93655
-21872
-96242
-20129
-96242
92583
92583
65240
90894
92583
92583
65240
65240
723
723
723
65240
-14150
723
12337
71246
-40965
42594
-40965
-40965
10055
-40965
10055
-29956
-29956
29327
73386
73386
35720
-52068
-67529
35720
-36381
-59874
-59874
73386
75045
96074
96486
96486
20092
268
-59874
-10101
-59874
35720
31419
-39837
35720
35720
56969
31317
66299
35720
66299
98282
66299
-96177
-96177
47833
98282
63786
-80867
6548
6548
81577
-34244
55694
-34244
81577
-9870
-62221
10685
21894
10685
81577
34621
34621
34621
-63067
21894
-63067
-63067
21894
-25435
-25435
-32053
-91203
-91203
-23572
-57174
99603
-23572
-57174
-57174
99603
-23572
-49550
86272
86272
84150
84150
84150
84150
-5181
-72144
-5181
-72144
-5181
58930
-72144
-72144
16861
-43635
-79808
1889
1889
-29558
-91321
-57066
94896
-59625
-59625
85186
-63952
-59625
94896
94896
-26733
42659
-91806
-80873
-80873
-67282
35709
-80551
38041
38041
38136
38136
38136
61614
87809
47741
-37556
-37556
42613
-27075
25311
68080
25311
-50969
-50969
18701
17506
-16469
-16469
4578
-40775
-72574
-40775
-72574
-72574
-72574
-72574
56048
-72574
56048
-72574
56048
56048
76386
76386
76386
76386
56048
56048
56550
56550
-92416
16719
69720
16719
-35747
-41155
-41155
16424
55858
86624
86624
55858
55858
39360
44773
-66969
44773
33128
33128
33128
-56189
-17145
-16597
-17145
83444
18542
59597
-26186
-77505
65283
86708
86708
88010
88010
-62892
88010
65283
-33445
16246
-33445
-23746
-77505
-7715
-62892
-30852
65283
41741
89096
41741
-77505
-23746
-33445
-59948
-33445
-23688
-23746
-23688
-53478
6340
-23746
6340
6340
-65040
-62152
540
-59948
-27047
-27047
79621
79621
74041
74041
-65040
74041
-85575
-13884
-13884
53351
-40181
82556
82556
18292
18292
95853
-86361
-86361
-86361
9168
-17829
-17829
91186
17643
-28136
55941
24605
17643
-60285
55941
17998
55941
82111
46178
98385
17643
-28136
18650
18650
57791
26837
-15343
-33016
-1679
69938
46178
-15343
-1679
-15343
55941
43994
-869
-1679
-79749
-869
-28136
-66097
69938
-7106
-79749
-28136
-40073
16172
89723
16172
-165
-165
20517
85896
-2107
89723
94484
-49350
-49350
-49350
51326
-78317
-46292
62563
-93471
37102
-93471
-46292
-84767
14812
-61098
56159
-6091
-39965
37102
-6091
-22186
37102
-22186
89413
15476
89257
95199
37102
47359
47359
37102
47359
47359
-61594
-18702
-30585
-18702
-18702
-43530
-43530
-43530
53340
16302
-96815
66849
-51122
-93227
-51933
19346
-80591
-51933
-29471
-29471
19346
99889
52303
99889
-29471
62588
62588
-29471
62588
62588
62588
62588
-64188
30270
-19982
30270
-64188
52303
-66361
-44585
-66361
-24347
-24347
-66361
-66361
-66361
8646
8646
-66361
8646
-57801
-3445
14708
-40448
-2401
-66361
-3445
-70994
83801
-73124
53984
3579
11513
12403
-66361
9416
-68090
83801
-19214
52303
8646
-68090
95260
48583
45935
9416
86803
45935
-31521
-94778
-2132
-2401
95260
14580
83078
-2401
-701
53734
-2401
-2401
-76709
-76709
-76709
72708
72708
72708
15451
15451
15451
-89581
32236
-26735
-65459
-26735
89918
89918
89918
64674
-27239
-65459
-68776
89918
2894
32236
89918
65312
85923
-69479
-59715
89918
-27239
-69479
85923
16121
-69479
-81593
-54298
32236
-93466
-62105
-91538
93994
-94616
-91538
-94616
2894
-15253
55194
-79774
16121
35633
-15253
73501
85923
-54298
85923
46421
-89815
58637
7899
12633
76216
-79774
-68433
2894
-2115
-15253
-91538
12633
-68433
-91538
85923
85923
2894
-29925
-37664
12633
-94616
2894
-12702
-68433
-75169
5696
54764
54764
-37366
5696
-92309
-29925
18800
5696
18800
18800
-46919
-84406
5696
-37366
-37366
-29925
-16692
4367
4367
68715
68715
68715
-95919
-37366
6473
-79746
68715
30874
-16692
-29597
-94673
82820
68513
-29597
-94673
-20981
-20981
-66155
28633
-37552
-10745
-10745
-10745
-61211
-61211
-61211
-61211
8856
8856
8856
-78924
-82729
51559
-13680
-78924
-70728
55174
-12189
-13680
-82729
-48977
-48977
-48977
-48977
41789
41789
96538
96538
96538
96538
-74832
-37950
-37950
99415
6761
42398
54145
33175
30127
46299
30127
-22110
-22110
-22110
-22110
89472
-76064
-76064
-69063
-71872
-32620
-97793
33182
-69237
-69237
-32620
-82713
-71872
33182
-17518
98247
-71872
56158
56158
-82713
56158
29335
56158
29335
23571
29335
29335
-66950
29335
29335
-33367
19437
19437
54032
-56232
20618
72526
-56232
20618
72526
-8066
55386
-72874
-3092
72526
-72874
-3092
69838
69838
-65004
-65004
-65004
-3092
69838
69838
-43562
68863
1224
-49633
68863
36665
68863
-91201
75592
-60817
-91201
-46083
-13546
-13546
-13546
-13546
-60817
-12167
92432
56033
50305
-73408
49281
92432
37885
56033
-91827
37885
77608
61797
56033
-16336
37217
-16336
-13546
-49179
-49179
61797
-16336
-87913
-7391
-91827
-7391
12388
12388
37217
-7391
-16336
-34554
3596
-80038
-80038
-29070
40698
-87913
-29070
-27458
-16336
-16336
-27458
35625
-34554
35625
77608
-71035
336
-42873
56033
-525
77608
-29070
12804
56033
93113
-53724
93113
-35515
-85296
-18878
-53724
18479
68112
93113
-85536
-525
52786
-7001
-525
56033
-19490
-18878
35561
40987
68112
-7001
-7001
52786
52786
68112
68112
52786
52786
65300
-85296
44251
-85296
56033
-85296
-95170
95390
44251
-86415
52786
11049
-9658
20855
20855
48325
48325
52786
61423
10874
52786
52786
-76544
10874
10874
12906
10874
12906
-24466
10874
95775
22388
95775
71852
15199
10874
68317
-52007
88616
-37544
26191
91005
81511
-52559
45504
-6739
-51103
26907
-52007
-52559
-1295
-51103
35163
-78634
-90023
33713
60517
97541
68317
-20129
26907
-83174
33713
-33922
33713
18735
73994
53610
33713
3379
-20129
53610
-83174
53610
-6307
-20129
3379
-86852
53610
-15164
-83174
-56162
-99466
-15164
-56162
-66177
99016
-39690
18266
-75557
76667
18266
43007
42208
-75557
53997
53997
-67930
-67930
-39690
-75557
76667
53997
43007
-39690
87455
87455
42208
53549
42208
-75557
87455
-75557
5508
-84009
5508
-99376
-6595
-19979
76667
-75557
-84009
76667
-6595
43007
-75557
87753
-13675
71519
89199
71519
89199
71519
89199
89199
-52667
-52667
87960
87960
87960
87960
87960
41191
-44202
-44202
-44202
-9119
-37184
-64508
-64508
-64508
65279
68720
-64508
49231
73356
73356
-57003
-57003
-81132
19015
43599
27806
-97203
68037
68037
-95045
-95045
-95045
-95045
-30508
-96118
-5603
23626
23626
78342
97551
63402
97551
77485
63402
63402
13206
13206
13206
-39637
-39637
-39637
-39637
-39637
-71204
-27200
-39637
-71204
95440
-71204
-92517
95440
-92517
60301
-67840
60301
13695
-20765
89449
-80983
-41637
-80983
67002
67002
67002
83545
6432
-9547
6432
-23004
3983
-58110
-58067
-88374
-48913
-37413
-97928
-97928
-97928
-97928
75510
31059
31059
48129
-97928
-97928
11896
11896
-6191
22293
-6191
-6191
-6191
-20402
-20402
-70259
-15231
69496
-45011
8826
72418
-80307
-80307
-11718
35622
-17935
72418
74620
-78467
-17935
-17935
-78467
-78467
-84084
34146
-68768
-8801
-96747
-28146
-28146
-96747
-96747
-90369
93380
85084
-86125
-86125
-86125
29214
-52010
12138
72016
-99602
-52010
-59687
47490
50307
82943
-78550
-71808
25461
-89245
25461
-63154
25461
13072
13072
81913
81242
81242
81242
-508
-62157
-508
-33943
-33943
-16724
-87907
-70120
-43494
28782
-25817
51553
-77141
-60697
-6491
66404
-6491
95627
38524
94473
-26716
-26716
98759
38524
-26716
10119
84154
30983
10119
-61035
-26716
-97672
-42582
-97672
98759
98759
13602
13602
13602
-95619
-52965
-52965
98759
-99595
7103
-52965
70097
5943
-23717
-23717
-52474
-23717
-52474
-3913
-23717
-29611
-18104
-18104
-45863
-63883
79542
92229
-82358
-82358
92229
-66377
24605
92229
74768
97123
73539
26801
-66696
-75267
24605
-16598
-97329
-7729
-83688
97123
-19980
-83688
-83688
24605
61577
-83688
67804
64229
48216
90564
32983
90564
-85133
-87803
-85133
71989
-90361
91245
21654
67804
21654
-87803
32983
32983
42095
-97329
32983
61038
61038
91245
-97329
-40138
-65588
21654
-65588
-65588
-972
-97984
-97984
48216
-97984
32983
-3392
-87803
-39203
-97984
98938
-3392
-97984
-83919
98938
-97984
-57831
98938
-3392
32983
-9035
-18477
32983
-18477
86548
33858
89740
-52490
-24253
-52490
33858
37136
37136
37136
37136
41008
69333
37136
41008
37136
37136
41008
41008
41008
-64898
-80868
87788
-80868
-36070
87788
-36070
32325
-83620
-22432
-64898
-64898
81245
-83936
-83936
-80868
-57358
-83620
87788
-64898
-83620
87788
-83620
53496
-98261
-64898
87788
65491
-64898
-39931
-39931
-39931
-39931
-65425
-39931
-65425
-59289
-39931
-39931
-43577
-26899
68222
-65425
-26899
68675
6757
76447
-43577
68675
167
6757
76447
6757
68675
-62999
68675
56720
-43577
68675
-49713
46535
-49713
-49666
93249
68675
68675
56720
-96982
47234
47234
47234
-18274
68675
56060
-16629
-96982
-96982
-1847
-96982
93249
43212
43212
43212
93249
-83190
-96982
93249
-86332
19101
481
-54524
55498
481
27537
43212
55498
-95303
57691
-66982
55498
27537
-66982
27537
19275
19275
19275
-58612
-58612
41814
-45624
92388
-90720
-78923
79318
-6671
79318
-90720
-23058
-94719
-23058
57894
-90720
-94719
-53393
-90720
-90720
-45624
-90902
63484
-72277
-72277
66004
22082
90971
-12116
22082
-65187
90971
95746
95746
-12116
-20603
95746
-20603
-48974
22082
-65187
95746
-85111
95746
90971
-47446
-38987
-20603
-20603
25250
22082
-47446
-42794
-48974
-48974
-55140
-73634
-76907
-26315
-59576
96850
83019
-15252
35926
-95035
-47446
66804
35926
-76907
-11280
-33490
-15252
66804
-39458
-90934
35926
-95035
-33490
16770
38907
-42325
45687
45687
-866
-15252
61045
-866
82986
-11280
-54896
-42325
-90934
-39458
-90197
9582
-11280
-76907
82986
94156
-81213
-11280
-90197
9582
-15252
97858
-76907
-75872
61045
97858
-15252
-81213
35926
-42325
-95563
57169
45687
38548
-14200
-90197
29981
91293
-75872
-90197
-53708
-76907
-32632
-32632
29981
-12606
-6456
-12606
-12606
-39458
45687
-39458
-93151
74298
-7107
-39458
45687
610
-93151
-92084
53647
74298
53647
3096
-79062
45687
53647
74808
-53708
74298
91293
32157
91293
50197
32157
-17876
-12606
39678
-22955
-93151
-22955
45687
-22231
82986
-23220
-79062
-23220
91293
-5895
82986
96840
-79062
-48454
82986
-5895
32157
78793
-88947
-88947
-76907
91293
-5601
-88947
-13725
-51888
-93151
-23220
-81213
32157
-81253
3096
-13725
3096
-61690
-88947
-23220
-92206
-38358
80759
-99433
-57531
-92206
57568
14784
-51888
21144
-92628
-59275
-5601
65776
-61690
14784
18026
-81253
80759
-48146
-81253
16434
26357
-90016
-93151
-37696
40524
31798
46821
71204
30545
-94067
-37696
31798
14784
-61561
46821
54719
-54899
14784
-37696
-92628
-54899
26357
-61561
65776
-5601
-92628
45687
-51888
3096
-90016
31798
-92628
-37696
12687
12687
65776
26357
-51888
26357
94832
-37696
-50822
47798
45687
-93151
12687
27055
-92628
46821
-93151
41629
46821
30431
-31916
66772
-80564
13672
-65027
3096
45687
47883
80852
-88898
66772
-31916
-37018
31798
3096
31798
82155
3096
-18062
-31916
65776
-80564
82155
24843
51303
-93151
35914
-98367
47797
46304
-80564
62851
-33982
31798
-37018
-94674
46304
-94674
-47780
46304
-80564
-33982
-31916
97004
45687
66194
-33982
47797
-5601
67356
-94674
64311
64311
-94674
84225
67356
-5601
67356
35914
-76907
-33982
-24882
83038
66194
82155
-98367
-67487
-48124
66194
62851
-33982
-48124
65776
-76907
62851
-7300
-40053
-76907
61099
-18671
-26013
-33982
96029
-60762
9643
-98367
-24348
82155
-40053
9643
-35453
-7300
-15784
62851
31798
67356
-88573
-47049
-49449
-49449
-31916
43811
-38736
43811
58853
-28333
80769
-33982
-80564
-24348
-38934
34566
-2405
-81580
-2405
-94743
-94743
90552
-14344
28809
-78771
84225
-49449
42858
8806
-49665
6229
-49449
-2405
44334
12336
64311
-24348
8806
-36319
-35453
-49449
-48191
67356
42858
-24348
-86243
58853
-12239
-48124
-88841
14520
67356
-94743
-86243
-38736
59638
-87374
31354
-94743
-35453
-42720
-53235
-49449
31354
-97805
-27469
84126
19098
-63376
-53235
93453
-28247
14520
77455
44243
-42720
-74648
-53235
90552
-14693
69105
-38736
-22944
71750
9154
-38736
50285
-74648
70762
69319
56264
-35563
-67391
-35563
24843
-31916
56264
-9215
24843
-38736
-53235
14520
78849
90552
-2486
90552
-67391
-24348
71750
69319
-52082
13941
24843
84225
44243
-48949
-2486
-87374
-73229
91413
-79170
-7620
49134
-81182
69319
56264
14520
-2324
91536
6229
-31916
-2324
46650
-67391
14520
50285
-74133
-89730
-73229
9154
84126
91413
-17567
-74033
84126
25648
-30576
-6487
-16604
74949
-74133
-95439
-76258
-30576
13798
46650
-95439
32249
30232
-45633
-45633
-2486
-74648
13310
49099
24843
46650
-73229
-96543
-20308
91536
-42456
13798
49099
-2486
42918
-2486
32249
50285
-2324
-65202
-38736
22811
-13728
94051
9429
13798
75198
84126
94051
-24348
-74648
-60265
22225
68239
91536
-20650
34069
-14693
-65219
6794
68166
-52018
-88055
94051
-65219
-24348
-21461
-60265
-53036
-49070
-65219
-2486
-94814
-53036
-33891
-21461
13798
-6487
48431
-17635
-46397
-60265
-41904
50285
-71023
86672
-17567
-17567
-84948
-52018
-33891
50285
-49070
69925
-84948
21947
91536
50285
69925
40273
-78228
-24348
-60718
-46397
-72884
-9139
93992
-88055
-14744
97688
10011
-88055
40755
40273
-64846
13139
40755
-64846
22225
75198
-36370
22225
-58107
-71023
-2324
67366
13798
-55180
-79170
-16837
13798
-31916
-72884
97688
85559
6833
-14744
-17567
85559
-94814
-41904
-25111
-43626
66224
-24348
-40009
85559
-46397
-88055
-42456
19657
94854
42918
-6254
-16837
10011
48431
91908
-36370
66224
-78228
-14744
-88055
-6254
40273
10011
-36370
91908
-41904
-16837
50285
-9139
-94814
-50027
-78228
90640
-77124
-31916
93992
89424
97688
90640
-93552
-58107
30232
-21461
-93552
-21461
82682
-93154
-14744
-57480
68951
-91961
174
-85565
67366
-89905
75030
18591
-51132
78255
75383
40254
38479
38479
-17635
-77124
-17635
-47187
-26405
174
-50027
-26405
40254
93992
-46397
-66907
10011
43011
-51132
33797
-35142
8993
-66521
-94814
93992
-50027
-21926
-50027
-77124
10011
174
-66907
94465
-85565
73134
-94814
34691
75030
-48678
86101
32099
-59670
-11439
36784
-94710
73134
9125
40566
-94710
18951
-94710
35413
16144
-94814
58789
58789
-66907
-50027
73134
-77124
-11439
8993
38479
-52403
83922
-14744
-42411
-86859
-45109
-66907
-24348
58789
-48678
24958
96550
36907
-41325
-72304
-28839
-94814
70891
58789
18951
-35428
70891
9109
24958
-7533
74305
18127
-70302
18951
31522
18951
-94814
-45109
61884
32099
-43172
-60338
-6902
78255
-11088
-23587
-54639
18127
18010
43011
-86859
27921
-27310
74305
8993
16144
18951
94879
-17632
-17632
-10596
41703
57413
-99075
-17138
-70302
9109
-74727
-94814
-66907
9109
18127
-7533
18127
94879
-10596
-1864
-18586
-43688
-18586
93503
98924
8993
19429
19429
-23587
93503
51910
-91898
60896
51910
-55151
35101
-1864
-54639
-6786
70891
93503
26711
96550
-23587
41703
98924
51008
-86099
30931
-10826
-75979
51910
51910
-86859
8993
-3804
-86490
-48678
51008
51008
63072
-82496
9852
93503
-18586
-70302
-86490
33797
9852
46685
-60338
-45622
93503
-82496
-70073
-6786
9852
-70073
93503
46685
70627
46685
-70073
-11463
52948
77728
51008
-77749
22086
-43172
-7533
-26093
56611
-55151
3300
22252
77728
-86099
-86827
-63483
39515
-18586
-13318
22295
93503
-46513
18062
22295
-10826
2329
-55151
-86827
-7533
-44400
70457
-64190
304
63072
48402
93503
-86099
-55151
50057
-92149
81105
70627
-65085
62987
47077
-65085
22252
-82496
-43688
22086
22252
-52666
78464
-13318
48402
62987
-91429
61884
-75026
-11463
16327
41908
62987
91720
59958
-6894
26229
22295
55134
-89830
55274
48402
22086
26229
-81904
-45556
91720
60895
86708
-89830
-98543
49635
86708
-86827
-86490
91720
26711
55134
7580
70856
47077
-89751
18062
-53136
18062
4463
-21637
66375
28707
39219
-86827
-81904
-70073
-25707
41706
47077
36387
78599
51910
26229
-25707
92495
-36519
7580
19983
-81606
-61110
92495
69088
-52666
-86046
46411
-57986
-57986
92495
26229
35912
96495
-79359
-23587
-26257
4463
59958
-70384
-75797
60895
97316
47815
36387
-1049
3465
55134
-33225
-7533
97316
-89217
55134
-61110
66097
3465
83176
16327
-10826
-83490
3465
96550
19983
4463
75578
47815
69088
-89217
69088
-10482
-83490
83176
48073
48402
83176
50484
36387
22086
-82496
3631
44104
-82497
96550
-89217
-82497
69088
47815
66375
-7405
97755
-1049
-82497
77522
80453
25956
48402
-31208
-28664
97316
97316
-12746
-61257
-98239
25956
-98239
19983
-45556
55274
25050
-76268
80453
2356
22086
69088
-82496
22086
-45556
-74198
-98239
62440
-11463
-82496
-27517
46411
35912
31191
-521
66892
54915
54915
46411
85364
-45556
51910
91116
-26902
24921
48332
44760
79770
-29341
-5985
-34788
-62061
91116
55274
-43180
94
73964
46411
47292
79770
-98239
-26902
-50652
-73571
-46920
-14080
2356
-7405
-61257
63815
-82497
-73571
5708
-73571
-62353
-98239
28364
43644
-28061
48073
79770
-30649
61345
-62353
63815
-71867
-43180
84006
35101
5708
-21457
61345
-5351
-91686
-46920
-73571
61345
54915
31191
8943
55424
91663
48073
91663
-5985
-28061
-21457
-44865
51910
-6463
-13318
44760
84006
41690
77771
-5351
48332
48402
46411
31191
89396
91269
32975
35101
-46920
98147
-45556
17229
28364
-92183
91663
91663
-46601
-45556
46221
-30649
47292
-70273
72370
-21457
46411
-6152
-61257
17229
-82497
-92736
5708
17229
89396
99608
-63877
-85982
89396
20153
-71867
-43400
33750
-6152
20153
58007
-13703
33750
35101
46411
-79202
-71867
5678
22295
-88081
22295
-82497
87700
46221
84006
-98535
96295
-70273
87700
-71923
87700
84006
21310
79788
89396
78061
-66215
-4424
95721
-6463
15788
-70273
46221
-92736
5678
-10769
-6463
-17382
35101
-92736
-20704
96295
-66215
37389
51910
84006
95721
-85982
-98961
40863
-386
32218
46411
95721
15788
-386
97616
76775
32218
-10769
48402
-14751
87700
-88135
36540
40863
36540
28782
-79432
-98535
48402
-17382
28782
43574
89396
84006
37988
99847
-82560
78085
99847
29684
-38123
30964
78085
41222
63314
5678
96295
-88237
-74870
41222
41222
97253
36540
-74870
44897
22295
-93578
-94375
96295
29403
76775
-79636
91269
45094
44897
-14751
-78132
-94375
10471
-88135
36752
-74870
-94375
84380
-11497
-24839
30746
8562
-93578
-98535
-24839
49696
-63182
38881
32218
-90828
-74630
89602
30964
48483
-74630
-74630
15788
-32034
-88237
12672
48483
15788
-63182
49696
97253
-90177
75864
-74870
-90177
-88237
-9020
23912
43449
55321
-44684
97253
43449
-56848
91269
12672
84011
12672
36752
36752
39181
-67687
-96646
-69720
91269
89602
-66789
39181
12358
-97646
-97195
-73156
8562
28782
-69696
-82279
8586
91269
64792
49696
29403
29368
-83899
-22844
82143
29403
91269
18190
-22844
18190
-69720
85081
17434
36752
-83899
9211
-69720
-22844
52333
-32200
48483
94461
28782
63113
39662
99569
-78084
-64381
64792
-67687
41173
-97646
17434
-82279
-43176
54393
-80635
-2118
93818
12358
-55197
37382
91269
-20824
49880
-67687
64792
81078
81078
-5724
76621
-64381
3770
-64773
9211
-5724
34815
62091
-39709
61085
54393
-67687
64792
67847
82648
99569
81078
49880
12358
85081
81078
77756
-42450
-22844
12435
-19999
4323
-19999
64792
-20824
64792
35320
78725
34815
-92913
-64381
36752
-42450
37382
49696
35320
-55527
-32200
-19999
34815
-67716
-80870
68771
34815
55961
19527
-52606
-68123
-66789
-20824
-71935
76621
-52606
12672
22761
-6098
33900
-39709
69939
-34641
93818
-20824
-22844
-20824
44297
-34641
-5724
21096
29236
21338
29236
41173
99569
54393
36752
29236
-88208
-81588
44297
38675
33900
-6098
91695
-744
-68403
86329
-12469
76621
-20824
-58111
91695
9211
4323
1903
76621
93818
-6098
41907
-5871
-34641
41173
-69720
19780
-12016
-58678
-58678
33900
12816
-744
1763
1903
-69720
-74738
41173
21338
70802
86329
29236
-39709
22027
2538
-5724
-4566
2538
54139
-56478
-8479
57005
19527
44297
-4566
35320
-99527
81078
-44875
75093
93818
38675
55693
-97638
81078
-12469
29236
11223
-49019
-80870
-81588
-78084
2538
42620
-14307
29236
-6098
54139
-80870
54393
-69720
-22052
17876
35320
-58111
-68779
44869
24070
54393
99569
-50492
96471
-95100
-4566
-14955
32017
-68779
19527
-49019
-6098
65119
-14307
19256
58051
90162
-49019
-54605
93684
-56996
6918
58051
-72171
-72171
51074
-32129
90162
16697
55693
24070
64164
17554
6918
75093
6918
67870
23135
44869
-12923
-32129
32508
-19999
47007
-37199
11223
-32129
-89661
-66789
-58678
58051
44297
93684
39484
-95954
-5394
99404
-96627
51074
47007
93684
-52949
-49019
-99871
99404
-14307
99404
55693
-78084
-88526
39484
86103
22027
-99871
69827
-55802
81078
55693
-24951
-66789
22027
42224
-89944
17893
99404
-78084
87841
11223
-68779
-89944
59371
42224
64164
48462
-88526
44297
-53638
99404
-72406
-89944
17893
-20103
48462
-74895
54393
-18365
-20103
64164
44869
-24951
-54605
-65913
-78021
55693
16697
-58982
-60365
99404
-89944
81078
87841
-6030
-68779
-56996
2614
59025
62293
-74974
-99871
55693
-46793
48728
51074
-11220
-24951
25013
40955
-6030
-1040
-68779
-96611
57103
93684
-42109
11223
-52101
-96611
87841
82050
-10851
57321
22065
-84612
16930
-68779
57103
-84137
-6030
82050
54393
44869
-46793
-93649
75093
-50272
44869
-46299
-92359
64164
-60365
29134
8006
51965
41579
-80575
94997
-69720
44297
34861
-69720
33091
-90889
22065
-69254
-53638
93684
-87650
-62072
-68779
62303
-69254
-26911
86489
48728
94997
9471
-49860
24999
-34064
-38146
29134
21817
-65913
96471
56796
-53638
40373
44869
-93131
96471
70386
93684
-27748
-14592
90162
69827
64123
15970
-60365
21817
33091
-74009
-34291
-62596
90162
-48898
-43640
44869
15970
-16104
-876
64123
70386
35288
84019
93898
35016
-48898
-74009
80636
-48898
-17703
-81664
24999
11223
35288
-1749
-19286
-30614
51965
-49949
90162
84019
-16104
60722
-54134
69827
5763
-16104
29134
93898
-54134
34861
66398
62303
-16104
-88602
93898
-21680
39889
-16104
9780
-99774
6451
93898
-87650
-95253
92052
80636
22065
-34064
-45188
10224
-27748
71190
69827
-33138
-34291
46784
60722
51965
-54253
55410
-876
-30614
67520
-83781
98313
-54253
-21680
8006
43341
-16169
-36549
60722
9855
69827
-74980
86178
-27748
46138
24999
85648
86178
-19660
94769
94997
-23543
-876
14274
-30889
-94957
85648
46138
-876
11271
14274
79663
-90883
69049
51965
-50991
67520
67346
-46793
6535
93684
45072
69883
26719
46138
-34934
24999
86044
-53787
-5587
-21680
-54253
42359
91713
91713
-4471
-94957
-53787
-87236
78053
-83827
93898
-5587
-12510
-46793
93898
44427
94379
-20476
56353
-34291
93684
38898
-43147
-74980
56353
69883
6683
86044
18997
27271
-20476
82982
-99780
44427
23774
6683
-87236
52676
67330
-54514
35522
-30533
93949
52676
-72841
-54685
-68840
-72841
2992
8006
-74980
35522
-35643
21751
-41432
28429
-54685
-54514
-7133
-71204
-66589
80446
49390
-26911
-59688
14198
62433
77896
-83827
91713
69980
-10296
-54253
-76700
60614
60319
80446
34425
-85276
41088
-76285
-70274
-12304
-12304
-46793
28388
60319
93898
60614
-41432
-78249
-12304
-7619
41088
-19962
-83827
-72841
-30533
-51264
-81781
-18914
91713
78053
-91927
21751
64820
35522
82982
80106
35522
78053
-62304
-29400
44088
41436
-85276
6451
-68378
29010
-59688
-72841
14198
59535
35959
53091
44427
41436
12632
67330
42359
8018
-12303
72008
35522
491
-66315
78984
-20476
93684
80446
-17288
80446
-46369
51685
-66692
-66692
-87236
85162
-94621
65970
48965
24373
29010
35522
87469
55420
11271
55420
94870
6451
51685
29010
-92304
93684
-85678
85409
-17288
82982
93949
11271
-17288
78042
41088
-92826
-85678
-37826
82982
34425
-76700
-5243
-48376
35959
93898
9551
27241
44816
38569
21419
39269
44088
-76700
-68579
6008
53063
-68579
-65540
-41432
-87236
68402
60319
-94621
21751
55299
21621
37964
9551
9551
-87786
-17288
55299
-85678
44088
67377
-34208
9551
56353
21621
12641
-66692
491
82480
89293
44088
38569
52676
5734
-67773
-92826
-65540
41436
-85678
-3010
39269
-99780
-97858
-81523
-51917
11396
12789
43888
88664
-81523
-21961
2199
-12303
-5630
-65540
57686
-17760
57686
-36950
44489
-18039
-12303
491
-66444
-59995
62433
-81523
48157
41390
6405
-57120
76142
53766
35522
37964
52676
85409
-72452
9551
67377
-95852
-26341
-59688
60614
-66251
86706
-55783
61869
45525
55299
66160
38898
78648
-17760
72008
67377
-20128
-95852
-76700
35522
-51917
67377
-55783
51526
48157
78663
-63114
65955
-87786
65955
43888
-37549
-24180
-68579
-26341
89293
55299
-11324
41192
45525
-47432
12789
-9226
-17760
19896
47865
-16631
94870
51685
-23335
77471
86706
72008
-30913
-16631
-87786
2358
-36950
72008
-11324
-16631
-66315
37304
-12863
-11203
21136
67377
44816
2199
-33298
-21961
2358
11833
97095
73942
-13982
67470
97095
-11203
-18745
-46038
-62304
67377
78648
28388
-55783
12641
65955
93898
-76493
-5630
-67671
-20128
89293
-84909
-18745
34923
-12303
44908
44816
-66315
-94774
9111
-94774
47865
97095
-22952
24603
-13044
-20128
84016
-62304
52676
97095
-63008
97095
35522
-10226
-81523
-13982
-13982
-79306
88664
-85678
-11203
-11203
96090
-70978
-72452
59831
-72452
-42132
84016
73942
-13982
-94774
-3010
2199
-9049
93684
48331
84016
93684
-68531
60723
-91461
-68378
59831
98338
93898
89293
76463
-60578
44816
-31638
39269
88157
-76700
65955
-92329
-10595
93469
-16631
47772
2199
-60578
59831
10159
-81523
-81708
65955
-13438
96090
-67176
-89299
37575
10159
-7957
2358
93469
84277
38569
-89697
34923
-41816
-66251
-79306
43888
24603
-7255
-59603
-52599
-42132
72201
-7957
43888
-13982
-81708
58722
64825
-33032
-69182
-42132
-42132
-11203
-9049
67470
43888
58717
84277
-32302
-67176
-44195
53766
52676
28601
-70978
57688
67178
42411
-7255
-49105
-85995
41341
53766
84277
-69182
25168
-58413
-36950
-10226
-15733
69718
64825
-97074
-54062
-67176
-40519
-55156
96343
-70501
-92329
-33032
-46730
-58413
44816
96343
88664
93469
-89299
48331
86794
-46235
67470
60723
-95035
88664
43888
2360
-68531
65121
-33032
-46235
-91902
-40535
-58154
-46235
-46038
-55965
-92540
-91902
-19413
-26713
8856
-19413
91652
69188
-9049
57688
-65805
-13718
64164
-20128
-70190
-19413
53159
41536
67377
-70978
-10226
-67459
-9049
-66251
-81708
41390
-69833
79285
-85995
-81130
-49399
78053
97133
78053
-70978
-40535
8542
3686
58722
10697
88536
81577
69188
18561
65121
55045
-39223
-63789
4677
-76328
-90935
88536
2478
93469
47833
-77935
-70978
-40519
37575
79285
93469
-40030
42411
-66059
-58154
-61429
-46235
60946
-63789
-39223
-50114
72201
-70501
97458
72008
-62813
78241
41390
-62912
-70978
-46235
3686
58722
-34541
-70978
-46038
57118
-63789
-68531
-84119
29211
-24223
-22359
8542
-68531
-90935
-36951
-11203
-94774
-69833
-3933
88664
-60397
79285
57688
-94825
28601
-22359
69188
53159
86374
-80380
-46021
26703
-1904
89656
58722
-48188
72201
74834
69811
-46038
-37104
-63789
-11671
50792
-31638
-26032
41536
-5566
-20245
72611
-19770
64091
47951
42411
39277
-37104
-65805
34281
-77935
-65690
-26032
-94825
-31471
96969
-40030
-72535
14377
16478
64091
84277
-66506
-70698
-26032
-72535
72201
96969
-9282
-26032
-62982
-31638
31945
-7255
-46038
-86722
-73139
74846
-58154
-46038
-81130
-37741
80117
-5566
59763
-88377
48331
-9282
-89697
96906
-67915
-40755
-40030
-31471
14377
78007
78007
-13040
-72535
74846
88326
-10732
-34397
-24223
-55686
-82539
-70501
-53013
-32595
3686
-86722
86374
-52347
3686
67377
74834
65082
31356
78007
49588
-39223
-35191
-81708
16478
-63042
-31638
-15733
-27749
70089
8856
-91902
59763
12791
91621
-25251
-50590
-77935
-47991
72201
-3933
-19770
-19413
-17662
53159
-41340
12791
-62978
-25736
-7991
-47991
-40030
32918
-62982
-92722
-70288
-7991
-49105
26703
-99767
-45591
-39223
-22359
-42397
-50590
-91902
-76328
14377
-39223
-8296
-14420
-77306
70772
31356
-90823
-88986
-13040
49588
-70501
-82539
-58154
-70288
-91902
-88634
67178
12791
-72535
91621
8856
-34541
71730
-22359
-52347
-10170
-45591
70089
74274
19978
-60201
63250
72611
-13040
72611
-58932
-66506
2437
-82178
-66817
-15577
-55686
-31252
65082
-67915
59763
14377
-89964
42411
45618
62262
-31252
78007
-3633
-63789
46076
-89903
70089
24827
-74692
-5367
-24223
-1372
70772
84128
-84119
-20353
-60201
-16727
-70501
56723
-66817
-66817
67377
98648
29473
46076
96969
33770
-10226
97458
97458
-42397
-24223
42508
26703
89751
-10857
62463
11368
26052
-1372
-62978
52866
-69389
82260
-86416
-1616
-77107
96969
92766
82260
-64069
-32911
-33525
-1616
-32911
-33525
84885
-611
-16727
-72535
49795
-53013
-19413
-63789
-76328
-35674
-24223
29291
-89465
-20353
-76328
-20353
74256
-19413
-10857
30283
-66506
-21080
-20353
84885
-22909
29473
-13040
26052
-24223
-17000
48835
-45591
-79677
-89964
-17000
-86416
-32911
70089
2382
-49105
-83672
70772
68601
-31252
82275
10739
-50590
14377
-42397
44516
-5477
-91489
-40030
38567
30283
9384
48835
-46322
-33525
-66506
-45591
42508
-29514
33770
29473
-20353
-22359
-83672
70772
-36257
-16727
-40030
-92722
82260
-5367
-60201
3081
-83672
48835
82275
44516
-68255
-3633
-70501
77898
3081
-49613
44516
65658
80927
29391
80927
38567
15809
-1616
-64069
-33525
3081
33232
23772
-40030
-85882
-25736
33197
-49105
26737
-23587
-20353
15809
75775
-1616
82260
-20353
40220
29391
65136
-1562
-32911
95251
-28168
-85882
-91408
68774
-60201
68601
-60201
80254
-21317
61663
-99177
-70501
-62675
-33525
62463
37804
-36153
81610
35450
72201
56017
39322
-5546
-28303
89751
-85882
-77872
-60201
33180
-59001
38532
-23587
26668
9384
80254
-5367
-92868
42313
-61258
-52763
38532
-37073
-24112
-99177
-49105
-91489
-73267
69176
-37073
74834
-29743
26737
-41400
65136
29391
-41400
758
20176
39322
-85885
37804
-35456
4181
5510
758
-5546
-61258
12289
-66343
-28303
-99177
77362
-93897
-30630
30890
-69170
-12350
-89850
-63317
56065
-48027
56065
-24112
-37073
9384
-40207
-51874
64285
-88213
86224
-95291
-5546
-37533
-8551
62463
-8551
80254
86224
15809
29473
-7991
-1676
76348
58986
50276
-48027
-1616
-24112
-54342
4181
-51874
-60080
73473
-16442
-16832
48835
75775
-51874
-94774
46682
58986
-3788
-66938
20394
-32911
81610
15809
-60009
-94906
56359
-69170
-87730
50756
-32911
-92577
-28238
1830
46985
42615
-35456
-64468
23732
-85531
50276
-75061
-1676
-35456
38567
23732
-54834
-38485
-82818
-52243
-82818
38567
-34903
-93897
-41980
-22345
48505
-87990
-35456
20176
-88213
81375
46682
56837
-88916
-64212
-41648
38003
-92868
-41648
47334
56065
48835
69252
-85531
5510
-93897
-28238
37804
-13417
-36257
-64468
-76328
-92868
37577
-76328
4181
12496
-82818
-73158
71709
48835
70306
-3788
-79036
-67
-90936
-64468
50276
78236
-34903
5510
37804
70772
-22345
-85531
92150
4181
-83682
-82818
-75061
23732
-73158
4181
-94774
-8605
2960
62576
-28238
-28238
5510
-41982
47334
73473
29473
32705
60668
22835
62576
-7043
74996
-28747
21659
-26048
61740
-73158
-65168
37804
73473
-54834
23732
-58322
-35456
-3835
-41980
5853
74996
-90218
-82818
-26383
-58322
-32565
80178
-85806
47334
-85531
-87730
-22345
53221
-50775
70306
-65774
16896
-74347
-64468
26867
-63315
61740
-4362
-15343
2960
81345
-76328
-93510
95275
3012
-90218
-38485
-4362
19956
-61258
-13417
-85531
-36257
26867
44224
46682
-96872
-26383
80178
63111
92367
-41542
-15286
48835
-7043
4181
26867
99957
4652
-28747
-26048
-15343
69522
69522
-287
-99482
12584
12496
-96308
31493
-28303
-23978
-83169
-14138
-16832
-41982
-34916
38010
-96872
-9941
18115
-41982
92367
-7043
-7264
-72379
64575
-90218
-15343
12584
33315
-8605
-13417
-75409
20656
24829
70772
48835
-74202
-91504
-79036
-57642
51234
85752
18222
69522
70772
61740
-1676
18115
54534
19956
-26048
-99132
-63315
-64468
-23978
-61258
-19618
94241
24829
-40207
-54834
-62722
73490
43246
16329
-70313
73730
67231
-40703
46985
20656
-20811
58899
35396
-83682
67231
-7868
3807
-88916
-28303
33020
43047
24395
48835
81345
56017
35396
58797
-15398
64575
-23978
-23978
-87478
51157
9709
41271
14175
18351
73273
51234
47334
85552
-74202
40058
-65619
-79036
41271
50905
18351
46985
-61607
50905
74738
98883
73730
70306
24395
-97863
5934
26821
-75376
-41773
73273
26821
29033
38010
26821
-96390
30291
40058
-99482
54534
-26048
19352
-74202
56017
-26048
4910
51157
66444
-98455
85435
26740
-15343
-60009
23335
12584
-41773
61198
-71210
57546
98883
46193
54534
38656
47334
21659
-96872
51157
-34756
-43638
-79011
38010
-81771
-7868
47458
46193
97983
-7868
-65619
-59679
67498
74738
76763
38010
41271
83512
38714
47334
83512
-70313
-20223
83512
61198
54534
98883
63345
66444
-79011
-3835
-96308
74738
81345
-39013
43493
-26383
67942
-77989
-96308
-20626
866
-51666
-81771
-44022
31747
-26383
26867
10048
-35099
46193
-42890
13076
1918
1918
-98305
26821
-51666
31747
52749
2711
37215
-21954
84515
-74202
82504
32230
85435
-51802
-84572
26821
58986
-54178
18351
46284
-49714
32230
55027
-56694
66724
31747
70772
-96872
10048
-33297
-33235
87459
40691
23335
37215
-20811
57546
-46778
51157
13076
-3835
18351
37215
-39013
-58067
-49345
-7043
-61607
-48388
92940
-44022
82504
61126
55791
-35993
13076
-48388
32230
32285
-33198
27340
-58067
-32353
-26048
1830
64575
46193
67363
82504
76763
62240
-62200
52749
54039
37215
-62200
38010
-20811
10048
-7043
10276
-33235
12584
82504
-48388
-68680
26821
-39013
23335
10563
52749
93587
92940
-92929
19408
-74202
87459
-69823
-68964
67363
-20038
-14908
-49345
-52470
-35225
-35993
-9723
-69823
75800
32285
64575
-58067
61822
40815
-33198
-96308
12584
-54178
46284
-84091
-56694
-38485
61822
58899
30717
-74202
-30449
45047
30717
91416
-71317
-35993
57616
-95361
34601
61126
91416
56017
76098
55791
57616
27191
54039
-22672
-20038
74738
-48388
-30449
34659
-71317
-22672
2322
-71317
-40355
-44022
67363
-79011
2322
37600
91416
-57485
61126
-26411
-31541
27191
27196
-51143
-61607
26867
61126
-26411
55791
-95158
-57485
39890
55027
71099
76098
-81106
61822
76098
37600
-76280
-92929
42668
-84572
-79011
54039
4231
66110
-8985
-13428
-16275
-65890
-84091
-84572
-58067
-84572
-57801
10048
-35559
15457
15457
-95158
-16275
-89555
-43638
-65890
-4132
14175
61822
-22738
-51666
45002
14175
-97286
74738
-35993
-98305
54039
99677
29068
14410
15445
19637
-31500
67862
-76773
67231
-68964
30672
-12127
-29855
80206
-59896
-81771
-31362
18351
30840
71099
-50735
66110
-12127
-33198
12584
-65890
-5721
-51666
60792
-49714
98723
54039
-91704
37600
-77810
42668
-62674
-81771
23014
-19979
23014
74738
-96551
-85588
-65070
86523
80206
56017
-33198
-75376
-89555
-20607
-3835
-79011
-35744
-35993
60624
40979
-33198
-21280
-75220
15445
66110
23925
-19979
78863
-7055
-10903
-20607
40979
89742
-21280
31645
59848
30840
-96551
-29687
46284
-84970
80206
-42648
42668
-95361
-42648
-47872
84889
-20607
-64879
-8684
-16275
4989
-49714
88558
54039
5059
-10888
87933
4989
-72209
23014
-43310
34601
40058
-35993
1969
-42648
-20607
31797
-35993
-19187
-8794
76592
-19187
32230
1969
87933
13866
-57975
-21066
-7876
40979
-46583
-21603
34601
74996
59848
45338
14019
-10208
-98305
-12510
-35559
4989
-52470
-7055
55791
32617
-36755
18873
74996
-77916
4989
79655
-84970
-37962
-1088
42668
-95758
-10821
-66660
-84970
-82828
14175
54426
-95451
12422
-2754
-66660
-95364
-10208
921
10276
-11071
10276
88562
-76436
-7055
-84970
68650
-9885
42053
13866
3740
59848
54039
506
921
-16709
70202
55001
-32465
-31127
31797
55791
-83432
-31127
31797
-43563
42053
42053
32617
15917
-80666
-46711
10276
62330
60792
57741
-32492
-36755
-43163
-33017
-44022
17787
14019
86523
-78835
-36755
32617
80206
-83340
-20739
-46711
55001
34601
-26001
-21066
59438
13866
-69164
-32492
-83432
88916
-70672
-22345
-46711
23014
-22148
13866
-16709
-82862
92894
99950
-1088
-83432
38245
75456
-43310
-6023
-64686
60792
15917
-58309
99950
43757
-73532
-31698
54039
-96837
-79011
68650
28296
47872
55791
50421
50421
-90221
3740
-90221
-81981
-61353
-48140
54452
-10172
-11071
35083
-38866
69840
69840
90836
71395
84912
86523
15069
71867
-14681
60792
-1088
68650
5452
14019
41098
-95451
35083
75085
-48051
-46711
56118
-21603
43757
59438
78863
-68806
44854
44854
6254
30840
99950
-10172
-77347
38363
-39743
59438
56118
4989
-1088
-21603
-77347
6254
-94106
-24293
90352
-33675
-33675
30840
38048
5452
-72224
-61368
-48051
50421
97790
32230
31797
32230
33367
-29136
41098
10151
-19591
15069
33367
-89307
-11071
29269
4147
38048
48441
59438
-95984
-15254
4147
32230
65828
-22649
54939
-39743
95485
52873
84912
-15254
-44090
82003
92894
2197
41098
-29744
65828
-14681
-51232
-19336
4989
43757
-46429
90836
-11053
14676
-31698
68561
97790
59713
-18374
-17460
11610
60550
56118
-68806
91252
-6023
19547
-32492
74070
86347
-25412
-94106
-99491
11329
42053
-55026
-98421
832
52873
68561
-50972
65828
-51232
34601
16049
-33675
-99491
68561
-61368
52873
-21066
-11071
-19336
-33017
25390
84995
-24293
95485
71395
-75471
81056
-77466
-68806
-82925
43757
-1088
60550
90926
11328
-91965
-44090
95757
-77916
832
57741
-52334
-51639
-33017
50421
-10172
52873
-1088
37406
-95866
90996
832
90926
-51232
-70755
-99491
19547
54674
-55026
59767
-19591
-95866
67493
-70755
13034
25773
77633
99513
-43953
81056
-52334
2197
-27824
81056
50421
-46798
75575
-94998
-31698
25167
19547
19547
-75471
38363
-94106
-10821
-33017
10151
-22649
79655
-21603
95485
-31698
-95866
24087
52416
14773
-4557
-95866
-46798
95757
25390
-49051
-51639
-29136
77633
-60212
52416
-33017
-48051
-22649
93042
37451
-72634
-27824
-95866
4989
-15842
33367
-19336
-24936
-67817
71653
-51639
-24936
49088
75456
-68948
-49051
22229
-55026
29846
-9650
-7566
53277
-11745
-44098
99483
52298
-2497
-75827
53277
-75471
-94998
-46798
-47665
-95866
-44098
50421
-86259
38329
47872
77037
-88663
52280
69224
-35574
43757
1264
-21737
-88826
60853
41098
57741
-77916
51429
21639
-88782
681
1264
-86094
54156
-14715
-77511
27722
15261
39767
34551
84097
29993
-96435
45762
-87145
-91527
-21737
32230
-44982
-9650
-67163
-58466
-70011
-70011
43757
69224
92773
38329
55807
77037
-44090
-86281
21639
75456
-47665
-43903
21639
-67817
-92124
-94998
57741
-9650
-2497
84097
-94998
52804
55807
52804
42668
-51639
-77916
32230
25390
-67817
93875
24087
-1345
94950
-43903
-95866
-49051
-95866
41098
-37023
-642
-91965
-86259
-12809
-70755
51429
94950
-91965
-48051
65366
-88829
-43568
-8162
-77916
-45089
-9650
-91965
-91605
2197
-93826
11329
52298
-17055
52298
-28678
-4557
50421
-642
8416
9159
52280
-1831
-64650
-29695
79359
-56488
39767
-67817
41227
58190
-17055
-10172
92659
74118
-72275
50421
32230
-72634
-72275
-54535
55509
52416
-38775
-12809
80215
-46798
-77511
-15842
-88826
-46798
-29695
29993
-3216
-28102
33360
-82922
27136
-81978
-87094
-12809
-48051
84097
-80197
34521
-86259
-77569
-41158
92659
72416
-51232
-47665
92773
-4557
-26670
-10172
96929
36534
48761
27136
-43568
-95828
-14715
-87145
-77569
61539
-38720
-44781
88792
-32161
-10172
89865
-1831
-82713
57741
53908
78806
52298
-28102
-88826
61539
39442
-64650
91534
-97882
8754
84810
84097
27781
93875
27722
68850
57681
69867
38667
-49051
53908
-1831
91534
65366
-48051
65366
-14715
-42160
34521
57681
14773
-28672
20546
34521
-45721
-21737
-77552
-74777
3747
3747
-1415
55311
-44462
-77552
24386
51429
13710
55509
27781
50176
55438
57741
13034
-56552
52804
8416
68850
71977
-13753
8416
-11071
7857
-67817
90137
61302
89865
-6145
-13922
48761
68068
-96872
94288
-13922
4939
-72147
-96648
-34459
72416
-95828
85440
82343
50176
68068
82354
-10906
-44462
-12504
-70948
47068
-72577
-87145
-74777
92659
69224
84097
69867
-28678
34521
72416
5790
-25128
27136
2197
57681
-59360
-97882
-99786
-25128
68896
34521
-44462
96675
-49444
55344
-44781
91507
69032
7857
26075
5790
-47693
69224
-44462
-66615
11041
84097
79502
-13753
54995
60970
82354
-31115
55509
-6145
36471
69867
-87145
21679
36471
69224
-6970
72416
-91103
72416
50739
6808
68850
-57679
57844
-72147
60970
-44098
-44098
60270
4035
60270
85440
-77895
-58925
-24705
76052
-59360
-88826
93124
-59569
6856
-58925
-59569
-44781
89865
-50169
-13232
-72634
-72577
3644
-72634
69224
79502
13661
39311
-23294
83704
54486
-99786
55438
56611
68896
79502
-98004
-31115
68182
-45259
-44744
82354
24905
-9365
-47693
-59569
-4556
-45721
-29130
47068
68182
21679
-28678
4877
-7091
73096
26532
18306
17928
59338
-77895
-10172
95956
-12809
13661
-60883
-85702
-12504
-45425
-13922
-72577
-24293
-4557
-6970
-6145
50739
40253
89865
-2574
4877
94288
58983
59338
93493
93370
44107
-25045
-6970
29452
-10906
79502
94288
76052
-91103
65366
-85702
-2574
-88826
-45721
-45721
-71291
-6970
-50169
13661
-44744
85440
40253
69224
18306
17928
36471
50739
-50169
83704
-25128
-71291
-88427
49403
74490
-86519
-25045
85141
95956
49403
85141
78923
23887
78923
84438
4877
-61498
4939
93493
83704
53638
-95828
4939
-88837
65858
7857
-65283
-73283
82799
-59360
94380
57681
-55116
-6145
-72577
-56936
50739
-44302
52203
66748
82560
93973
-38000
55822
85141
-50169
-50169
-59360
-75936
-45425
-15774
18790
-30812
73096
34551
-28714
-95828
55509
-53602
-49589
-24705
-98020
-45425
-78491
77323
93493
-44302
-44302
-98222
-77895
69224
-50169
28935
-71291
77363
-14808
-63134
69224
-99786
-42042
-1465
94380
-65283
33399
80466
69807
44668
-9365
33499
-28678
13
-77130
13824
54486
-9365
-52715
-1465
94225
51313
-45425
-14439
76052
77363
51360
76052
-15865
-38187
-49547
-29944
2716
-52715
49403
-91072
-5818
-3666
-5818
-75779
77363
-13753
57681
33399
-49222
-35474
-30812
13824
67609
-21700
76052
-46580
17505
58983
49403
72667
-72337
70730
84438
-36671
-58135
28766
-83283
33399
-15774
-28678
-24705
-1324
-91072
-78491
-23071
17701
-61498
70730
11347
-32787
-12747
19241
-73072
24386
99967
-14990
62038
51313
13824
-2574
41156
71466
51313
-52715
-5818
-45259
44107
-92958
35280
3644
-30952
12247
-15865
43928
-93867
26075
18306
44846
-67817
64097
-57497
66748
-96720
44107
-2217
7535
85440
56032
-80394
95246
-46175
84438
56032
-80394
18306
-43266
-7998
85141
-33202
-83283
-15774
93973
36471
-32530
-45348
-63042
93973
-3666
-83283
95246
-6970
-77025
-98470
-40167
95246
6617
-17601
-28102
7535
-15774
-98222
-80394
59723
-73823
11347
-36671
-73823
43928
24386
11347
84912
-30421
83704
62038
-30421
-73823
-40167
-77025
-32530
-6970
75932
6617
8170
-30421
44846
96045
17928
-73283
96045
90530
75932
-80512
33436
28167
56032
63319
-15774
-14439
19241
-66857
-57497
55739
-58617
77323
94380
52686
84912
-18973
-99786
40064
97296
17928
-58617
-80394
-53380
-79444
77323
97296
-73283
-19488
-13493
-5818
-58794
95246
-36671
59307
3583
-13753
72667
67644
-58916
75515
84240
-58617
62038
38942
-30421
54008
-34592
3981
-66857
-46035
3583
-57421
63319
97997
6617
-28015
73666
83704
-47728
-45348
59723
40228
26075
-33382
54008
-30632
-64009
2514
89339
-14439
-87240
-60529
36471
-5818
89956
89339
30837
52686
19241
59307
-30421
40228
94380
-46175
59723
18306
-64009
-58794
-14439
-28015
67644
-33523
-99786
69896
3583
-73283
-42751
-2217
62815
62815
-46175
35994
-35533
59307
-57421
59723
-52801
95986
22602
-73628
-18973
80854
-28278
61555
-40844
94444
-41235
85740
33
-91162
59307
-60529
80854
1039
-40903
-58916
-65019
-91072
77323
33436
-91072
79305
59093
85740
-33523
-56129
-92958
18306
26075
79305
-39897
-54917
-60529
75515
-66857
-31605
53115
35495
-77289
30857
-19093
87306
-94889
59723
-50069
85440
89339
11506
-6970
40064
-89300
-85389
59919
29405
-6970
-94889
-93023
82961
-56129
-54917
-87240
-85389
-66857
-64009
28352
55323
-50396
-4020
59919
59093
11949
51207
80854
-39897
97957
-40903
-91084
-33382
28352
311
97957
-36116
-85389
-53171
-58916
61619
8373
11949
-66092
71860
54731
-49351
82961
98698
67644
72510
-25447
51891
61619
-57421
59093
59919
11333
-60529
-82786
68614
-50396
94444
79305
95797
89339
-16743
-64009
-28184
-26839
-53380
-88442
-79397
30635
-41073
70509
61619
51207
-43130
18942
59723
-80606
-60529
52189
-2330
-91867
-88442
4261
42789
-43130
4245
19241
-80011
-62015
3981
88954
-47411
19783
-29235
-92079
-50396
-79397
95986
85440
-77289
19241
28352
-60417
-46461
-1533
50444
34955
50957
-15774
-53380
3981
-4020
-1533
-87240
20626
-28184
-93023
-47172
-87240
26709
31443
77282
77282
-50396
-44695
-47411
75515
-72790
78082
38326
-85389
-41073
82176
-4020
22445
8488
7504
-46461
-53380
-63528
33271
-68032
69117
-25447
52189
87188
77282
50957
-1016
-35533
-60371
-92057
-55223
-8688
-77289
77512
-40903
18975
-65959
-69954
97957
-34220
-94676
-63528
16044
70509
77512
12231
-28184
40064
53807
-79147
-63528
-58786
79489
72216
-92057
-40546
69117
64674
16044
90238
18954
41232
20626
-8859
3981
-27061
77282
4245
-69616
-27061
-1533
-58507
82176
-35533
-68032
-54496
-27061
82176
-54258
-54066
4788
51349
69896
92455
59723
77837
-79397
-64009
51349
-46699
-54258
7504
-64009
-69616
-27061
91548
76957
52295
82176
60890
-81221
-23215
-44695
97815
-71127
41919
-58688
-1533
-92946
69004
-54573
-55223
-71127
-37384
59919
-6009
-67992
-55223
52872
-98994
96732
46188
60644
77837
-41632
-92946
-22792
-139
59701
-58688
-19828
-37384
43863
78610
-54496
-55913
-71127
-68316
-82050
89263
-37384
-1016
52295
-9773
-92057
89799
20317
-35560
-72799
64746
-8688
99688
-40903
7263
-71127
46188
-71127
-9773
86646
97815
54711
41919
-45816
95765
89799
21309
91042
52872
67
87458
-44944
60644
87458
94660
7263
-34792
68685
46188
20626
64727
87188
42498
64674
-16743
89799
65317
34955
-63078
-92057
-16743
-9773
-83367
61887
26699
-91867
-45816
51335
-3097
-25447
99324
91996
-91867
33271
49854
-57510
-47038
6858
20317
61692
49854
-10627
-43593
-21262
-93541
-72790
52939
3981
64674
-11527
-40903
-54258
89263
82376
-18785
96315
91996
54711
3981
29147
-51018
-88749
63798
-21262
20317
-83367
51335
-98866
-54258
68685
47376
-51018
-73707
63798
-73707
43865
-68316
-50337
-72790
94660
-3097
6858
94837
16393
-94676
-86833
3981
-77012
-83367
47376
-44944
-92946
-21027
43974
-73707
94837
-21027
-35560
52173
-73707
-48734
59751
7263
-80995
43865
-87593
30248
91042
3339
-13884
-31513
94837
-98866
-72153
29742
43974
-41176
72309
-31658
20626
4051
-44944
97815
-80995
20578
16393
66917
68685
-64146
-98866
-43593
78250
-80430
64674
-94676
61887
82376
-72734
-5528
9559
77737
-20266
67
30248
-1533
-1533
45250
72309
65812
-80995
-79423
-92360
-89751
52173
-36116
-21484
-73707
80993
65812
-2917
51335
3339
-86123
30392
43865
77737
-9988
-54050
18245
-62545
-80430
77737
72543
-80236
-45816
-86324
16044
67
94896
45214
12649
-31778
-68553
-54050
-77012
-1533
-23925
-18632
-45752
16044
-36116
94896
17197
-44944
65317
-44562
64746
-76178
91112
13393
-44562
12649
15021
-27009
19049
-94696
-1695
-80236
-34160
-43593
2343
32653
-76178
-95006
-80236
-5528
-12725
-92740
8731
64746
83839
65889
55972
-64146
83848
45250
96874
-48022
46690
-89647
56601
-54050
91996
64528
1544
45250
-1533
1544
77737
-80236
-1533
-27009
98296
17197
-53354
7263
-13884
64746
-56580
61007
-89414
53204
97389
40431
65889
56601
-94696
-48808
94363
61887
-13895
-54258
55972
-2286
-53354
97389
-35560
-80236
82210
56601
-45752
-83562
30248
-73707
-29787
-62406
-73707
72543
64528
29742
-45752
41885
78250
58119
88688
80993
2343
43865
31313
94363
97389
-2286
88688
-99844
10093
-64291
-48808
-12725
3981
-83562
-27202
88688
17531
37719
33925
-5734
-82474
-45816
962
-89414
11599
98296
-474
11599
-19442
36774
1716
-94676
-94676
31313
17531
-19442
49387
4021
25341
1716
-99250
-89647
-16811
8263
-74803
-80838
32969
-63400
8263
-3793
20885
3981
15783
-94676
-80838
73600
-99292
-9017
-64480
52697
11599
-64480
-474
42314
-27202
5530
-2762
-31778
20885
-17620
42314
68574
64674
20626
-10422
-2286
55419
8306
-20014
33925
10093
-474
-10422
-9017
83848
-474
52795
-2762
16939
-98247
37719
52795
-68734
-88397
42314
49387
-99292
64674
84259
-30289
68447
-89647
-23925
-474
21014
1231
3707
96874
-81313
29742
18039
68447
-81313
82028
-474
-23925
-82474
-474
78645
88697
-17620
-20014
52795
-14765
-68734
-61276
-57117
-17620
-9211
-14765
77945
-19442
83848
62807
-84854
62807
88697
-33428
-27202
-65303
36328
23937
77737
-2762
94627
-61807
49387
-11563
32071
962
-415
5530
19049
97648
42157
33521
18039
-65192
82210
-19442
84259
76497
21014
80993
-42490
52795
-54402
-27202
-26153
16044
-58900
13681
6158
-74803
32071
49387
-68734
-17620
-48022
66311
36328
-415
8306
31313
-87253
82210
-91808
78645
-61276
30031
-42276
-27745
97648
78645
97619
38765
-88397
-5337
-57117
-72897
-35050
36328
-42276
16939
29742
-53873
71396
8306
84793
-36740
32673
-53354
53421
-2286
-88397
-68734
-18617
48195
-42490
80993
5291
-80838
82210
82210
98296
82210
-42948
-58351
-90170
-58351
-46363
4021
-3806
68574
45053
30031
52697
48195
77737
23937
-92443
84309
71396
52697
-42276
29742
42314
-65192
71396
59788
65346
80993
98296
-9776
20885
-9776
5530
84309
80993
78645
-21183
-92443
71998
-6880
16435
-479
76497
71396
-43750
-72897
45053
-53354
16939
-31510
94627
77416
-42165
28433
-479
32735
-88397
15384
30511
19049
29328
687
-65930
-61801
-35050
30031
-42165
-90170
95954
-87090
-19442
-57117
48267
12669
94627
-26673
16939
-77905
-29264
-61276
-47471
-72897
-84854
45053
97648
-415
70923
-68168
58462
-90170
18005
-47938
-87090
-80528
-56867
-29759
22665
8306
-80528
70923
-82256
77687
96651
-13159
67904
17173
28433
14613
687
16223
-62406
45053
71396
-80528
-56846
28433
-20482
-39153
18005
69743
17173
-29264
-6880
-66613
96651
-6880
65571
-87090
-52141
-43431
19121
24490
-43750
21180
-9776
97619
34734
16435
9408
-474
45053
-21183
29328
-19442
-84854
-42276
-8236
-13159
71396
-479
-58900
-6880
-48624
-43750
18005
-78730
58536
30031
19049
72517
-78246
-39083
-479
74750
29963
-77905
-2762
3290
-39083
-29264
-52910
71396
-39083
31345
17141
-22476
-3631
47002
-22010
8306
29742
-21183
-52341
-84854
2655
-58900
-58900
77416
-25563
15384
27569
-31034
-80528
-65930
22509
62031
29742
96651
-479
13962
-65920
3290
-72897
-20307
-80528
-21782
47002
-25563
81502
18005
-28397
-58900
27569
-29264
-29264
-21782
96651
29328
-9992
74750
29963
96967
72239
-66279
5291
687
72550
72645
-25563
-21745
-78246
72517
-27567
47002
-93743
-68734
48296
5291
81502
3290
-78730
-62406
-19442
96651
-21782
83932
71775
41627
-52341
96651
-20307
-9992
-56867
-25563
-48014
-55650
-57784
-58900
77416
29963
48095
-28397
50815
39134
96967
-52341
96651
-89340
95954
-77905
39134
-25563
-48624
26621
3397
-85040
-45445
25675
-19442
72645
32266
27569
-20307
-17088
-22476
72938
-28163
-17088
-43750
49308
84807
39134
-60528
-42001
16435
-42001
-87385
55110
-32525
-8236
48296
-32525
47867
-85040
47867
-57784
-57784
31457
2655
-19442
13962
-56771
-479
-56867
45271
49308
-28163
70923
-35982
-97336
5025
58439
-45445
72938
55825
-55650
29742
-9776
-71134
-81362
87131
29963
13962
-90969
-71134
68324
-16367
-85040
31236
29742
86738
-11854
-42546
5025
81502
91850
-90969
-11854
72550
55825
-69323
-28150
-69323
46912
-87090
82107
8989
-48014
13841
-28397
97648
-3543
86738
59340
-8236
-71134
8989
-72897
44238
55825
78673
32211
-8236
31345
-48014
-17979
-45842
59340
96651
-39153
-22476
31236
-20307
59340
55110
-17773
-13650
-52141
-24639
3397
7809
-67334
29963
-32770
-41947
2655
-27395
-56673
-46138
-13650
23937
72550
-69323
-16670
11069
-14563
-3631
-3631
-22476
74019
-74004
53794
-3631
-70193
-35461
-57617
72550
39134
-45842
37487
84048
58303
28105
-45842
23937
-32105
23937
-93743
-16670
-53680
-57617
29963
-57617
-3543
71775
96651
62819
-13650
-95161
40247
9968
-61560
79917
-46033
29963
-3543
83623
-20913
32537
-55224
-89526
79097
29684
-89526
72517
-78481
-5835
6378
16435
29684
-28397
-87090
-24639
28105
71680
10026
96330
72645
6378
29684
48597
11069
-52764
-52764
53766
-49403
82107
-89526
96330
-21354
-53680
-12823
30065
67237
-87385
-21354
72645
-24639
39134
7882
-52764
40247
-26865
48597
-3543
-24639
-3543
-3543
3397
-4942
-73273
-36781
-91693
-5835
-49403
40247
-69696
-5638
29717
87131
31000
79211
-3543
59001
-91693
-95161
-3543
72938
-10428
-87090
74041
-49403
-87385
98595
29717
98595
-12161
31000
79097
-73273
-61394
-20913
-94636
-87090
85413
-28397
47634
-87090
29063
-61394
-10428
28517
87429
-20913
30542
3397
-5835
-26865
-74004
-26865
79211
-11196
28422
-87385
-10428
-19442
-98727
58957
40247
-5638
28422
-52764
50710
70664
-5835
-37577
-37577
-45411
74239
-56568
59789
-76556
73363
58303
79211
-74359
-33092
-41777
61434
59789
-97660
31000
4079
-73273
-59734
31000
48597
-23045
57664
58957
-61394
-49403
59789
-23045
-97660
-45411
-22401
40262
29717
13982
72550
66415
-65459
59766
4079
-33592
-96186
-78880
59789
72383
-87300
72383
50710
61434
-79234
4079
53766
-30176
-86200
-87300
66119
-96186
59766
47634
-74004
-59734
-74004
-22401
-78914
4079
-78880
59766
47634
-10428
-6098
4079
74239
-56781
80636
-10428
-87300
-65459
-75365
52597
47873
72938
47634
47873
-56781
4707
29276
1369
-54563
-41424
-92888
51866
-23860
72938
-21476
55717
84667
50710
-11193
-74948
-92888
72938
-35869
99342
-52486
72383
-33592
-10592
-10428
-56781
-42845
-66974
72383
4707
70960
17243
17243
-9889
14555
-5835
72703
-56781
84667
-77989
-54563
-42845
71189
68495
-74004
29844
-95862
-41424
-55090
-33592
89505
-74004
63030
-52486
80636
-95862
64429
75826
-83293
-77989
79097
-95862
298
32708
-66390
34214
-77989
27639
75826
63030
-95862
9578
80636
-15543
-66184
-59734
-19123
70960
-67344
-5298
70960
75826
-4911
-46575
-66184
-14124
-46575
69252
-4911
26525
-99401
-46575
-73424
63078
-95862
-4911
-4911
79756
32704
-2366
47712
69415
34788
92569
69415
-88433
-56781
-14124
64606
-10375
69130
78700
-19123
-66184
35255
53739
45901
-59247
80759
97568
-82871
16532
26525
-25858
-98467
-56610
-60919
69130
-88433
-66184
-27918
-95862
-56610
-75801
-5835
9578
-19123
-34635
-75801
97568
-74004
-2391
63030
-60919
64606
-34635
-59247
-95517
-5835
-98467
-35569
86992
-17761
53739
-82871
-95862
-29190
-67344
67439
-2374
63030
68495
77223
-2391
-5835
-38611
-33592
68495
74788
16532
-19123
-15013
-59247
-5298
-35569
23791
-69141
-29190
-60759
78214
67439
6543
14708
-95862
73472
9578
73279
-70951
-25858
-33592
-28195
-95862
-88097
-5835
9578
-1080
-41379
78214
-5298
64606
93810
-50085
74617
74617
-46575
74617
-26613
-32548
8216
81026
-15013
27149
51754
8216
-60919
16532
-75801
89209
71494
-32548
46024
78214
-49954
35346
-9520
9578
-66390
23151
36895
72971
85737
68894
16532
-31761
89209
78803
35346
99137
-71397
-60919
-82110
81026
69820
67439
-30379
-71397
-77110
-95517
35754
-82110
-25672
-9735
-60919
-96999
78803
23165
-17547
-13019
-62821
-53708
-61422
14416
-86818
-50836
6436
-75801
83438
-54943
63617
-96999
-69141
69820
66570
-86818
87056
-56602
11091
-25672
-69141
-77110
-11775
63617
-26613
-9735
28272
-39338
87056
63617
-60919
-66106
-32822
-88097
-34635
-32822
15142
63617
16532
11537
66570
-22817
-75801
-35895
-81503
-75801
89117
80740
-66960
35409
-62647
-77110
11537
-62647
-17591
-26613
-26613
-62821
-23122
-98853
-62647
69820
45289
-29872
-39338
81026
-29872
-25672
-17591
53084
35409
-38369
54516
-82566
-98571
69820
73279
-43047
-83905
50169
89117
54516
36976
35409
35409
-83905
32492
46450
-27589
-82566
-60364
2809
32492
-53577
-62821
-52427
73279
50169
-50836
-89024
-89024
-77110
-17591
-19828
-94339
57844
-62821
89117
69820
53084
69820
-66514
-81159
53084
46682
53084
75001
2809
-58245
-39338
46450
69820
67525
2809
-62647
-54847
86548
-93870
82951
63617
54516
15142
47317
46655
618
53084
-27589
65758
-91748
-68814
-69141
66570
46682
77604
-93870
-1100
54140
50169
-26378
91054
-93870
64430
-79041
46655
-77110
37428
46682
37428
7824
51194
55542
-79041
-62647
-24084
-54275
-94305
-24084
27899
47317
-83444
-53577
46682
86271
-58245
51194
54140
91054
55542
78306
-24084
-52138
-26309
-58245
91054
-88097
-77623
-92411
-45101
-51447
27899
89484
74075
99597
-50836
43615
-45101
-34512
55542
84863
-67341
-45101
-77623
-45101
-88097
-51447
618
-27589
67525
-50836
-88097
-27589
84863
-69281
-51447
-71010
51241
44409
67525
-24084
-51782
-69281
41014
-59496
-26309
-59496
12747
-91714
51241
-54275
-33608
-34512
65758
-54275
47317
5470
-52138
67525
67525
76316
-69281
-53577
80772
32324
32324
-98687
7824
-67544
-8982
-69281
13782
66336
42838
99597
64941
-62420
-34260
-79041
2809
-46163
-99200
-79041
-26159
-5490
-62420
-26378
41014
-99200
-69281
32811
91054
-98687
-62647
-45000
-66721
59350
65758
-52138
84863
65758
7824
-78827
4269
-83571
49796
35409
-78827
-41924
-67571
-52138
67726
-96884
27480
-78912
-96887
-89089
-67544
-77461
49796
-52138
84863
4269
54140
30151
44409
54140
4269
-51782
44409
-51323
618
54140
54140
-98687
-4240
-52138
35791
-76484
-94305
26001
59350
49796
-51782
-10876
-10876
30151
-4240
-26378
-46163
-67571
54140
7824
-4240
76255
-22141
-54270
-70757
91054
54140
67726
21039
-3599
-78912
-54270
17198
-51782
32811
-30337
-67989
75541
-73934
66287
4269
90295
59350
618
2809
9687
23719
-81256
65986
76316
-76484
-52138
90295
59077
-22141
36903
2809
-52138
-44712
-67571
-31862
-99011
90295
-60787
36903
-79041
618
-70757
-4240
-60787
91211
65986
-89089
86494
91211
-87435
-3599
-79620
-18989
32473
-70757
94700
-37101
-43995
17198
-70757
28509
99870
4269
-3599
34322
31080
-13221
32619
-30337
-96887
32473
34322
-99200
31080
-44712
-77075
30151
-77075
32473
-44712
11620
9768
-26378
-37101
-76484
-94865
28509
4269
-13346
32473
28228
-13221
70681
-60549
-67989
70681
-77075
22923
-37101
4269
9768
-4240
-30869
31080
77284
85167
-16809
42218
-6426
-21915
70109
-54270
93056
-62647
50669
-18989
-57267
-18989
-84589
30888
17819
-18989
66287
7824
93056
-57267
-26378
641
-13346
-76484
24155
22923
-75484
-13221
32473
70681
-51205
-21915
63271
82968
-5821
-34557
40660
-44712
-79041
-47381
23964
65986
-78912
-57267
-21915
82646
28228
-96887
-13346
-5821
59350
54140
31080
-30869
-79041
-76484
82646
40660
-95503
-53270
6281
-99394
-22104
97342
42218
-26978
40660
41993
90295
60992
-34260
59350
-76484
16398
68793
-99394
18181
-34260
-26369
42218
-95503
-69948
-34260
16398
-26978
90295
-73968
-22104
-80989
60992
84258
-95503
-12270
54172
-62718
-51205
32473
-73968
38891
-62718
-69603
46972
32807
-80989
28746
26921
17819
54172
91211
26921
41585
-45597
48860
-79041
-26369
46274
23964
787
-51205
22923
-53270
55711
90035
31080
42218
-61252
-81216
30151
-73180
-67700
-69948
70251
68793
6281
-61252
97364
-23095
30151
82826
-30755
63825
27829
-29139
-30869
46274
-10201
-76966
-53270
67175
65986
-62718
39345
-95503
67175
95725
42218
-45597
90035
-26153
87637
46274
19338
41806
-9545
-81216
68793
-31672
55881
-6594
-30755
-61109
96792
-98130
-8633
35950
-71516
62585
76769
67476
17198
-33263
-63586
88407
-8633
35500
-74959
-45597
38891
2399
76769
-51205
-10201
-98428
88407
33873
-10494
25603
33873
60857
-75083
-47381
50669
-28621
-56607
82865
50669
-4093
49814
99882
91211
-75083
-56607
-53025
76588
26921
32473
25603
-10494
-6594
-8588
60857
17198
12992
44385
35836
32473
-51205
33873
25603
87637
76588
-80266
-35984
-74357
87637
42221
-74357
76588
-28324
-71516
60857
48458
17198
20494
-42471
-28324
-83385
84258
-74959
17464
-69295
-8633
54172
-81216
35836
78409
41993
80074
1947
-4093
60174
58445
27384
-40981
44112
-10494
-74959
59253
41993
-57754
-47381
59253
-8633
90295
12992
-8633
-40457
-69480
88271
-40457
81582
58445
30260
20494
43723
-14557
11989
31501
-74959
-86800
-47381
-7326
90295
35836
81582
84258
35669
19443
43929
-33532
-7326
-15529
31553
21199
-59087
80074
8175
-90126
20494
-90126
43929
59253
41058
19443
-44478
31553
-7652
-51410
-10800
-12197
37291
-1583
-51410
18845
14240
38308
30260
-12197
-58378
67968
67968
-10494
-14557
-67975
44326
-74357
-10494
41058
86947
21053
22771
-54582
21199
41058
-78745
82017
30260
31553
41585
-10800
86947
82017
17282
97357
22771
67154
41751
77842
-67975
23895
41102
38264
8175
-54582
80074
-67745
-39535
-33532
-70708
41102
-47381
-12197
19728
10633
-44168
50669
12992
8175
40619
-15529
59099
-4404
67154
-66739
-35182
12992
50223
12992
-37302
50443
-39535
-83385
76440
-6184
-97219
-39535
43929
-91637
-97219
68974
-12197
68974
-64019
41585
-67745
11989
76440
-78539
13334
44326
-71314
-91637
112
-44673
-65919
12545
-97219
-83385
-67745
23895
-66739
112
73116
76705
41058
47018
-39535
33873
73116
-83385
-90872
62831
-69295
-6184
86947
67154
47018
41585
62831
72835
47018
9572
77625
33961
23895
-12152
50600
71439
33873
44326
-4404
11491
-84606
-72652
27232
50223
-65919
-89946
-89946
47018
63531
-79474
-31125
49675
77565
39613
44969
-83385
-12931
-812
76559
50600
83545
87551
38264
-93017
9572
49675
-39535
-50076
-12445
-68230
12545
-54582
62831
41751
33089
79721
27232
-42213
83545
86000
75665
67154
42199
-74950
30360
-93417
12992
33089
72090
83545
-94313
92537
2751
60472
99997
27232
33089
10090
-82608
96629
77565
64085
-7423
-31125
37291
64085
-28621
50353
-10259
33089
86000
29026
-91637
10633
71439
27232
-3426
36893
33089
-16791
-80416
-15514
-17115
37669
83811
96629
-48956
76791
42199
11989
-85645
41751
23895
-12931
-68230
-12931
12992
-12152
-26886
43150
83251
-12931
50353
72200
-49837
77565
12992
30360
13714
10569
72090
62831
-12152
55648
12992
-69723
39613
47018
52572
10633
-90688
-91637
-48956
94299
31735
-7423
-48956
64085
-95364
75665
-28621
62831
23786
18135
6578
-48956
94697
52572
-71314
13714
-77137
4186
-96713
-99364
-58526
51061
-93417
-16791
-12129
49154
-85645
-7423
-83371
-12931
10633
61846
70585
10569
-74820
-74820
-99332
-16791
-12152
-80795
-66855
-90688
54335
61846
10633
52572
39892
-12931
-65398
-17115
-6916
-59521
-77988
-19651
58055
39613
2183
-12931
-85645
52572
-36310
-65398
-12152
-87056
-75435
-84682
10569
-83371
-15051
79562
77910
-82502
23786
37669
-24410
-27960
-90688
-39209
-83371
-92220
-87056
-49875
-84682
55129
12081
28666
-91838
-27895
-92220
-6992
-83371
-83371
-84682
-85295
28666
-33712
-91838
-41071
-27895
-61303
12641
23786
39892
-84682
36097
21970
-28621
-32744
-15142
-49875
-15783
30360
39613
-38846
6368
-32744
-84606
-92220
52572
33692
45450
27297
41672
93364
39613
18135
80118
-84682
12992
80118
83810
63621
-62922
-15142
41960
-92220
-78636
12641
76164
-54728
13205
36097
-95364
30360
-28621
-79036
39892
6281
-48199
-6137
-32744
-34369
-41518
-95364
-84682
-65398
-32744
33692
-39209
51061
-45396
-95364
62842
10020
6281
56740
12641
21241
9653
-32744
21608
24661
-45396
41672
36097
6281
-11817
-65398
13194
-33712
47710
-61589
-11817
54716
41960
11310
-38909
-85174
89699
21793
-92188
-76740
-95364
13205
13205
-54728
92537
-86402
13205
83858
66326
21608
28868
-31125
36097
-61589
63728
27297
-79036
27058
-12152
-38909
-8931
-72982
13205
-51295
21793
54309
54309
-89058
-32182
-4387
-4387
-14723
-18640
27058
-22651
-87056
-15142
83858
77910
-48199
98337
89699
-6098
-975
-38127
-37649
-31467
-38846
66983
-22651
64182
63621
32014
-97348
18135
-54728
65614
-51295
27058
-48248
13475
-90688
-31310
-72982
-31467
-87056
-51295
-38846
24496
-10600
-38846
-36816
79196
-65398
-85174
87528
92537
-17024
-6137
92537
-17058
-38800
-72301
-60859
-48199
-17024
-31310
80118
-71069
1503
79196
-10693
-57733
40173
24496
13459
-65176
32014
982
-65398
60394
-97456
5459
-32969
-17024
-84474
-51529
98538
-71069
-36816
35429
-98262
-85174
95727
-98262
95665
23369
-27972
95727
-61589
84877
42180
-57531
-50271
-18955
-10693
-38846
35429
-31310
63621
24530
-45572
-62155
63621
15349
87074
97590
-64849
95727
87074
40173
-85027
-65176
-20887
-18955
12068
-61589
84877
-12948
-84474
-85174
54309
-68569
-895
-31310
-64849
-21776
-895
-16005
-41602
-6137
81688
-57531
54309
49912
32014
44241
59890
44241
-67886
-72301
-65176
-37984
-10693
-93314
-84497
-12948
79196
-92741
-60123
-76091
83858
68172
68642
-79936
13459
-20887
-71069
-38846
-51529
27058
-79936
30554
89813
-84497
-10600
-11817
82703
-32414
-38846
50207
-84474
10136
-57531
-27889
-98262
-98262
89813
63218
68172
-37984
59890
-56807
-71069
95597
95727
-31467
-31467
43778
-72222
-20887
-76091
-65176
-85027
-91008
-13904
72422
89045
72422
-68569
-13904
55311
40684
6809
4911
-31467
-38677
17450
9409
-72949
30242
-62806
-65176
89045
-90400
79196
-72949
-76091
-91008
-60123
-32414
-45007
68172
96615
-92163
5231
-37893
-67886
24530
-72949
-68569
-45007
50207
3793
-32640
-39966
-60123
-10600
-55423
-57531
-895
-12554
4911
-65176
4911
-98372
-53920
-68569
65985
21079
21079
-21776
32422
-50861
41113
92164
11679
-21776
65985
-56807
41100
-62806
64773
3793
52041
-65176
93020
13460
-27889
64773
95597
-17363
-79936
17614
-78210
-16032
-62806
52041
-65176
-53987
52041
6809
37382
38733
-13904
-27889
4911
52041
32014
-13904
93256
24530
93256
-72329
32014
81374
-49435
6809
3793
-14086
37382
-13904
-94676
41113
93256
5528
38295
21079
39954
-8253
-61348
-53646
-61348
-17363
-4115
43521
-16736
1124
11679
-92163
-35724
-53646
38733
49795
-21519
-68777
-4535
-94676
-8253
57239
-59549
14444
-4115
3793
-21519
91368
5528
37382
-81324
43521
-53646
-85697
38733
35493
-27889
-76738
3793
-73081
74467
58918
91033
-47994
81374
41100
68665
39580
-21519
-895
-89113
74467
91033
38917
39954
-27889
-68777
58918
-99074
-9449
-97399
-21490
-59549
69811
-8959
-99132
30951
68665
-79936
-9449
11679
82552
37697
-16736
32422
-85697
67702
68665
39580
32422
41100
-59549
39954
35538
-59623
37697
-57746
-89113
-21519
67971
-49435
-19695
-22138
85968
96943
-66894
49795
37697
-16736
-54175
-16443
96943
-59623
-53646
-68777
-11767
-16736
-59549
-50849
43486
-68792
-895
-84295
-33967
99336
38917
-99132
-68792
-91544
68856
-49435
-99074
80278
38640
-44454
-8435
7108
96198
-17226
41102
-60515
-74915
-33967
-23087
50337
24732
-91544
68856
73771
94422
54615
54615
-85145
94422
-74915
-99132
-68777
51134
24732
-50861
18360
-57595
51134
37382
41327
-895
67702
-13658
72586
-85931
41102
21101
-23087
36635
-50861
30951
55607
-74915
-76738
-68777
81374
84062
94422
51134
-93434
-93280
-44454
36635
-82577
46795
87084
63996
54615
51134
-70701
-50861
-85145
-63800
51134
-44454
-50849
-27442
-19228
-37278
35538
-27442
74454
-93280
-57746
-50849
25996
-12439
-99034
90760
-99034
-40211
74454
90760
99336
33430
-12439
54615
-85716
-99132
-64960
11079
-85716
2729
-52196
-57746
78181
-30547
-91303
46795
46795
-52196
83785
42143
83785
99336
-10188
72346
50554
19884
-85716
-82577
46795
-82577
42739
-82577
-96753
83785
-189
10118
19884
92752
-99132
42739
-96753
-98634
-85716
8013
39820
-45227
48295
90603
-85716
-45227
84815
-98634
19884
69210
67702
-96814
69210
-2640
-51981
24069
90603
37160
50554
-6931
-82718
2417
-6931
-2640
