99319
-35864
-35864
44558
44558
19390
47445
19390
19390
-73395
58737
58737
-23086
4523
-79509
-79509
-79509
-79509
90272
55706
4523
-51978
-51978
-20211
3551
54100
3551
71204
-20211
54100
-62774
71204
71204
-62774
34223
-72961
64888
34223
71204
-51978
-4978
64888
-51978
-62774
-62774
-4978
-62774
82305
-46342
82305
-63237
-46342
88819
8448
88819
43874
43874
94298
88819
94298
-92013
-11254
-11254
-61712
94298
99167
99167
-92013
38407
-24439
-24439
26479
26479
88819
-1423
-92013
-92013
38780
-4286
-20464
-93386
-59789
-93386
47030
-93386
-59789
45322
45322
45322
81708
89027
-58838
38780
45322
89027
38780
52936
52936
45322
-58838
-54108
45322
-58838
-93386
38780
52585
67661
47030
-4286
-58838
-59789
48300
-67897
52936
38780
13559
67661
91541
77848
-85175
52936
16422
-33688
68922
-67897
-67897
-27071
-67897
-40014
60481
-27071
68720
-58838
55588
16422
-33880
-40802
89062
16422
60481
55588
99274
16422
-76092
54753
55588
-40802
-66985
72638
-33880
99274
88242
30411
-33880
3431
99274
-23183
3431
55935
-17360
-76092
62054
5452
77848
62054
15639
77848
62054
-31657
-84049
-76092
-31657
-73044
30411
-57176
27817
-4286
43321
84246
75710
88175
-4286
88175
-31657
67923
77848
73769
5452
-71657
17151
-33750
-53896
77848
84246
-13448
-31657
-31657
17151
84246
-31657
-77517
-88088
15639
95655
-71657
-57176
88175
95655
-53994
84246
-60362
17151
12294
36322
-57176
13230
-53994
77848
-60362
-18454
85818
-38966
9158
84246
53007
88175
-71657
64130
92577
96017
92577
-25692
88175
-40012
-71657
-40012
-8820
-18454
77848
77848
-76140
64130
-18454
87811
53007
96017
-52108
-38484
-24524
14872
-73044
-60107
-60107
-38484
-33712
-24524
-26927
-24524
-24524
-8820
7403
-60107
5564
19736
22118
-22049
-31839
66919
15639
-2926
-24524
83378
-8820
-37847
53007
-38484
71083
999
69345
69345
-9702
-31839
69345
96465
77643
-4119
-37847
77848
-62986
-60107
96465
77848
83968
69345
-4119
5835
89768
-60107
62897
74317
-14964
-77056
92662
-7679
-60107
31317
-96659
-91093
-60107
-18587
-62986
-60107
5835
-60107
-22049
77848
-25023
-4119
-96659
-79249
-97707
-25023
92662
-96659
-21326
-14503
38846
-91335
1413
-78740
-25023
-9471
-78740
-78740
-96416
-96659
-66617
-60107
-79286
30379
59049
-2732
-22489
-59821
44767
-96416
-59821
-25518
-27830
15639
20214
-10280
15639
15639
31797
-27830
-96659
31797
1413
30379
-91335
83068
-27830
-49471
-49471
1413
90974
-25518
55882
-63201
15544
21455
56925
-49471
-97707
-25646
30016
-1193
-1193
15544
-49427
21455
-21326
-18587
-3114
59582
-11605
-35650
1413
-49427
1413
45400
54365
15544
27847
27847
90974
68561
40190
-93002
-46911
15544
-49427
-96416
-64197
-13112
-96416
-71811
-53810
32300
1413
-93002
15544
1413
27847
32300
42594
32300
40190
68561
-45657
-22622
-49427
93032
-91609
68561
-1193
-36733
-22622
32300
45915
42033
-25654
-25646
56901
51031
93032
8861
90974
596
-86587
-45657
-49427
-45657
-33434
-36733
55882
-61569
51031
-25654
-85306
-79738
15544
91679
8162
-58142
60223
-24410
-77365
-25654
-45657
-25654
-71201
-17190
5405
-25654
61044
9150
-84027
69082
18160
5405
9150
60255
-12876
61044
-45657
-97175
-97175
-58142
20853
-45657
-97175
-93204
45915
9150
9747
21085
9150
76305
21085
9747
61678
-92372
1413
89019
60223
35662
-30342
61678
90974
61044
60223
43635
8861
47724
61044
9747
6975
73686
73686
1042
2002
-39188
7671
-16591
-93204
62403
-66916
8983
89019
-83902
48244
-41217
-66916
-25305
90974
52809
-4257
-4257
52809
81897
-25305
-5787
89292
-33045
-4257
-83902
8983
8861
-66916
-53381
-40290
-26829
20853
-50507
-18678
12388
16215
-14141
84247
-25305
-40290
47933
-14141
-17675
65961
89292
-23971
12388
4203
53760
7671
-41217
88883
-17675
-84238
47933
34988
-74862
4203
-33045
-66916
7671
-18678
-17675
84247
96122
-14141
8983
-23726
-12876
59930
4203
7671
-66916
-33045
-589
41308
58762
70625
-12930
88883
2450
43813
-23726
-23726
-23975
-14141
88883
58762
84247
60223
47933
-46826
-84238
-84238
-50252
-84238
60223
88883
-9515
-23971
-96970
-59190
41308
-280
15041
-74862
-70050
54860
-23940
45428
-90429
29623
28831
54235
-50252
15041
59524
-73430
34988
60223
-18678
-74862
-14141
32160
536
28831
32160
-48740
-88885
75746
84247
41308
536
69538
84247
-280
73558
-3187
-20599
51242
57659
-96970
-33640
80119
-4257
-50252
-280
3686
29623
-14881
-280
68908
41308
-20599
2450
68908
73928
-4980
-14891
-2499
51242
53919
-4257
73928
-20599
-53945
44326
-78810
58762
-20599
-78810
80119
-78883
41308
-36788
48016
-14891
-90847
-19866
-14891
10268
-20892
-280
73928
-20892
25397
47933
-28238
-33640
91751
-45704
85928
63460
35577
-22112
73558
20901
-87717
41845
-19866
67080
68908
16912
16912
68908
-45704
28831
-33640
-32534
-19636
83577
32160
25397
32160
-22112
44326
29623
-71103
-280
20901
83577
-89301
28831
-33640
25397
-4362
47933
67080
70125
-21031
-22112
-45829
-22615
77959
22497
29623
-33640
-28238
-75761
-72213
-21031
-57397
-32534
20901
-68320
-89301
-71103
-9728
48703
68908
20901
-90847
6299
50563
-81244
41845
83577
69699
-71103
45428
-89301
-75761
48016
-1575
-22112
45428
-94727
34863
70125
-280
69699
11357
-4362
-1575
-94792
28831
45428
70125
69699
-1575
-33181
-15241
70125
-33181
-94652
-43615
-78262
6299
83259
-98680
69699
48016
-7926
48016
70292
-2622
-43615
13139
-54806
10410
778
17790
-74258
-32534
-2622
82186
-94652
48016
-50791
-23273
10410
70292
4191
-90841
-88438
-54806
99170
-13385
98239
-4257
56853
-280
-52787
-71103
-78262
93219
32846
-71103
-94727
-44399
-5712
73641
59117
-71103
-52787
-59148
-94652
4191
-52787
-59148
-89301
-79707
-71103
82859
-4257
-79707
10410
-93874
-54806
-34483
82859
38162
48016
57334
-79707
-2622
-54806
57334
-34483
-65141
-23273
-2622
54862
-88438
85598
-35542
-93874
81193
-25596
-25596
-23273
38162
-88438
25397
68804
38162
98239
-93467
68804
59117
20179
-5712
-53131
-74263
21034
73503
-42848
-83505
-87983
-88960
-34483
-59148
-87983
57334
-84395
20886
-82203
20886
74889
53478
59024
-33725
93219
-50051
-93874
17790
22259
10737
45967
-21191
20179
38806
-1575
67740
53478
67740
-59697
-69449
-96564
87742
69017
-93467
-69449
55513
12889
22259
-27341
57383
26693
-2622
-25596
-2883
-32703
32846
30919
-70865
-36085
55513
-66298
-12023
30919
45869
38806
-90097
87742
-21561
72109
68804
41751
-59697
98035
66687
-62268
66412
-21191
-88409
-59697
32846
-66298
72109
41751
-83505
-21191
-66298
-5712
-9881
-70865
-2622
-2883
41751
-86753
68804
-34483
-40032
-66298
-66298
-46464
-66298
24256
-9881
-29080
32846
71697
-29080
21034
-71806
30919
19503
-56246
30919
-53216
-40051
21034
36862
8061
58252
14593
32846
67740
-25596
64909
58076
-62268
-62268
24256
-9519
-34483
-83505
71697
5922
-4617
66412
5922
-85575
-18397
-18397
56791
-56026
38806
22259
-12371
-87983
58076
-59697
-51903
-56026
-94280
28376
19503
58076
72549
-40032
-85575
-26736
7690
-83505
58252
3184
38806
55952
-73158
47539
-36085
45967
45869
-70865
-94127
-66181
31084
45869
-36500
-96564
21034
-66183
42808
44033
45869
-84645
55172
66412
-32525
55172
-59697
67975
-66181
72549
58252
92086
-36085
-94127
-57557
-57557
30919
-59697
13875
-56246
36033
41736
80951
741
-57557
41647
-51623
51325
21034
5785
-83505
-84920
5552
55172
-16610
50025
-66181
-59967
-73158
55172
-26736
-66181
-56246
-83505
-84920
51325
-26736
55829
26863
-36085
-66181
-70131
-96564
47539
31084
60408
3356
5552
98395
-76246
3184
55566
-36085
74980
60408
-22298
-82706
-99677
-64132
-88273
-43278
31084
687
79378
-96564
-96564
52508
-82706
-66183
-88273
-80645
3291
90208
12223
26863
-76246
47539
34694
-96465
-82706
15988
21034
-96465
-18390
-19861
-17745
-18621
-47242
56622
66412
-76388
-57557
51912
34694
26817
-47242
-56246
-43278
52508
51912
-867
-80094
66412
-11210
10142
3291
-88273
72549
-47678
-47242
78232
-84920
13408
26863
57766
45967
90509
-76388
-72980
51912
76963
-40032
-57557
45967
49902
-55733
26817
66412
73241
41844
81379
92086
-56246
-15140
13100
78232
75984
35235
-72972
50153
77502
78232
-18621
-80094
51912
3792
49902
51912
-15140
-61053
41844
-56246
-61053
50153
-12762
-83502
41844
-64132
-57127
-27914
22326
-15958
-61053
42606
-73205
-22298
20186
-57127
-41440
16958
-22298
75624
22326
35171
10329
-14529
-57127
-63608
10329
-82706
67730
9770
-68439
90545
-23493
10329
10329
-21632
13133
-57127
-82178
22326
-73205
-14529
-69938
2460
14592
-65961
-90576
-14529
-65961
5375
75310
-35866
-35866
64961
-83502
75624
64961
49114
58017
-92510
-14529
-93151
-17668
-14529
-31549
69343
-43739
72733
-58913
72733
-25772
-23493
-93151
-14529
75310
39162
72733
-31549
20919
44369
-73205
-43739
50018
16146
10329
-25057
13778
-92510
-92510
13878
50018
69343
22678
-83502
56549
56549
36978
13878
-25057
-25057
57320
56549
71782
-14529
21101
-35866
69840
-73205
86898
-35866
69840
69343
-73205
-73205
2460
57320
22678
-56858
-56858
2460
36978
36978
-57557
33087
21101
37311
-14529
69840
21101
-81857
49114
74991
-90248
36978
-56858
-35866
-72242
-57557
-37700
69840
33087
49114
-34942
60689
-39833
22678
72209
-35866
57320
10592
2072
-90596
60689
-68194
-57557
2072
-40610
55730
22678
-34942
37311
-47866
-4526
-89965
-34942
2072
-23493
60689
-63403
-68194
-63403
-23493
-14529
10064
57320
-47866
-34942
60689
-68194
-35488
-68376
-52734
60689
-61129
4986
70382
25958
-89965
16885
60689
22678
-47866
-23493
-23493
53867
-3171
-75355
-87955
-73681
16885
41263
-68194
53867
-39729
-28183
-63403
-47866
-28183
98558
98558
47833
-63403
-73681
53867
53867
-63403
98558
-23812
60473
74456
51057
-12532
89573
-31194
25973
6537
99185
-26429
-74534
5448
-73681
617
-69118
70382
24744
53867
-73681
89573
18222
-93612
-4075
18222
-47017
84798
-93612
-46106
22111
2210
96082
-4075
-27551
96950
36716
36716
2210
45090
91883
617
-46106
617
50793
-21674
75193
-24358
63748
14749
-67591
-49287
-4075
617
63223
-24358
14749
91883
-74534
-21674
-74534
-41157
-50817
89573
76535
2210
97819
-41157
-96911
-74534
14749
97819
62246
21652
29207
76535
-17013
21652
40785
14749
-61108
-67858
76535
-4075
29207
-61108
47388
-82013
61996
-82013
-37154
-41157
49000
-49287
-95922
-4075
18530
-77683
-13749
-82013
-61108
-49287
-11459
-51855
-77683
-13749
-11459
-11459
-49287
14749
7392
-81144
67507
-51855
19422
49000
-81144
63975
18530
95298
23357
63975
-37154
66549
-11459
-81144
97980
-37154
95298
-68732
1969
-46875
-74778
-74778
-59795
65070
61996
-74778
54413
-80441
-37154
67507
76351
-47710
-55990
-58476
-68732
-47710
-37099
-81144
76351
18530
85084
76351
4460
89661
-59795
-57838
-11453
-83638
-80441
63891
11859
-38094
89661
28890
97730
28890
2602
-80441
5801
-70481
63891
-80441
63891
79121
95933
13987
4460
25847
-91191
13987
20423
-7942
46892
-58476
66550
97730
-21298
-7942
-58476
63891
-39584
-70481
97730
54413
65589
95933
13987
97730
-75977
-30072
-99192
953
2602
-81144
-57838
95933
2602
-22044
95933
-70481
95933
63891
-81144
95933
-70481
28078
95933
95933
-75432
-44630
-44630
-44630
-44630
-82480
38791
-39326
-39326
38791
-80101
-80101
-88897
-88897
73999
-80101
94192
94192
-64279
75585
-63352
-63352
-55004
-55004
-8990
80782
-8858
-8858
-38849
-38849
-38849
-25711
57823
-25711
-6402
57823
-25711
91703
-92603
17858
-52249
57823
-92603
-8887
57331
17858
17858
17858
-71321
-74352
-8887
-74749
-8887
44059
-74352
47851
-28795
-8887
-57940
-71321
-57940
-65165
59992
-8887
-74352
49915
-37931
-65165
29386
59992
44059
58523
44059
-39720
66869
58523
7019
49915
-5554
7019
-57940
58523
-96726
-70878
-70878
-70878
-9609
-94748
8863
-29811
78059
33926
-3669
-69760
75303
12112
-24654
-61216
-53350
-14398
29786
43256
75303
-3669
-16007
-61216
-32502
-16007
43256
43256
43256
75285
75285
75285
-48756
9403
-61718
-61718
-61718
-61718
-86687
63823
-78247
-66892
-66892
-66892
-66892
-79907
-78948
79019
-78948
-66892
-79907
-66892
79019
-66892
-78948
8975
36595
86866
-78948
-17401
86866
-78948
-86858
-53695
38354
36595
86239
-78948
-72609
76256
-94962
-86858
38354
-86858
38354
20987
-72609
-72609
76256
86866
-16749
5051
-72609
-85183
-86858
-72609
-72609
-72609
19001
-61122
19001
-61122
5051
-96639
5051
-96639
-61122
19001
-61122
-96639
-61122
71634
71634
71634
-8890
-10303
-10303
-10303
-62199
-62199
-62199
-8890
-46698
-12204
-64569
19878
70831
-86741
-90898
-61247
-62751
90903
42064
90903
-86741
-31809
19878
-62751
72881
-62751
96717
-52846
-72092
-90898
96717
96717
-97609
-97609
-21805
68008
51232
79848
-45191
-90898
92032
-56827
40719
-90898
92032
92032
-56827
-90898
-56827
-69373
-69373
-69373
-28468
-69373
-69373
27420
-87661
-56827
-87661
-87661
40719
-28291
40719
-92604
15679
-16971
-32079
-46292
-87661
-28291
-46292
-97111
-87661
-46292
67326
-92604
-87661
21415
67326
-87661
-87661
-97111
-81428
67326
-97111
-87661
33656
-16971
-97111
-97111
-87661
-92604
-51647
29726
82645
-92604
-37997
96747
96747
96747
-97111
96747
82645
-92604
56047
-57016
-57016
56047
-83770
-92604
-83770
82645
72157
-83770
-83770
-83770
58773
843
56047
55997
55997
575
85825
26410
56047
85825
55997
82751
-79115
85825
92995
-83770
-92197
55997
-79115
-92197
69734
-79115
55997
55997
55997
-99824
-79115
-79115
-99824
69734
-86270
-13190
-38828
33139
87965
87965
87965
87965
33139
29649
-38166
62003
-7301
-79115
-46324
-7301
85848
69473
-73618
-73618
-7301
-27541
-38828
33139
-38828
69473
31059
31059
87965
85848
69473
5608
-44
-97995
99894
-90350
-44
-44
-53261
-97995
-44
-53261
85848
95131
-97995
95131
-90350
-29475
-90350
-71280
95131
-3598
-90350
45819
-38828
2653
-77095
-87417
2653
-87417
-78105
-62055
-62055
-62055
21897
-37291
-89683
-89683
-62055
-89683
84570
-49570
-39599
84570
-40221
-37291
-89683
-657
-657
-62055
-37291
77660
-72776
-62055
77660
-72776
-657
-37291
-37291
77660
-72776
-49570
26043
-42220
-49570
-5387
-42220
8022
85926
-52015
-49570
-5387
-45139
-21496
-78804
-49570
-42220
-45139
-71161
-71161
79683
48047
-45139
-71161
-49570
79683
-45139
48593
52775
-90438
26043
66017
85926
48047
-657
-39062
-97918
68237
-45139
-73779
85926
-45139
-89849
-73779
-73779
79683
-2446
-40781
-40781
-40781
-13322
59480
-97918
-90321
85926
85926
59480
-35915
88289
53705
88289
53705
-90321
50364
-35915
-47114
-42220
66307
-42220
85926
-90321
-35915
4793
-42220
-4518
-33231
-35915
96105
7997
-47114
36503
-47114
73986
-33231
93212
-84559
-66277
93212
73986
-33231
-29306
-32815
-32815
36503
71567
93212
30255
73986
-80939
36503
-35872
-80939
24531
73986
-97689
-97689
-56170
-35872
64156
-47951
8367
-23814
78185
-11202
-18646
3525
-36356
-36356
-56170
-93962
-47951
-76276
6473
78185
78185
-54908
-11202
-42827
-70038
3525
-34926
6473
67292
71448
6473
5158
6473
-21036
-42827
2997
5158
-21962
-19199
27676
-54908
-70038
44651
-70038
2997
-88161
44651
79960
-87786
8367
-51688
5158
75793
67292
75793
67292
61873
-21036
-52635
50649
31646
14559
14559
44651
63045
-52635
63045
50649
77247
50649
-21036
79960
77247
-49450
-47114
-59414
61873
77247
-21036
-52635
-88161
67292
14738
18597
18597
-51688
9571
28291
28291
28291
-37949
44651
47389
46459
47389
-96265
57307
81592
89879
-45235
76753
28291
-47114
89038
-59414
47389
77247
1507
-94580
97532
-56473
89879
1135
-37949
55690
16479
1507
61873
76378
47389
-86809
4156
22313
14040
26216
-86809
-33026
84500
-51688
-86809
1507
88081
-94686
47389
97532
-59414
68763
-86809
-87067
-87067
76753
68763
-56473
88081
76753
57307
12118
26216
84500
26216
-33026
89879
90533
-25925
-33026
76753
-46794
78810
12118
-14864
19994
-40078
86184
42033
-14864
4048
-93138
-86809
-56473
-14096
-74752
-25387
99098
6391
77731
-59414
4048
12118
-91241
37528
93640
56680
-91241
-25925
12118
-55930
97532
-91241
6391
93640
27
6391
97532
-55930
-45649
-59414
-51239
94537
-93138
94537
-78927
94537
76324
-14711
40391
-39084
-90416
93361
-97685
55321
97532
-56473
-36879
-78927
94537
54898
5934
-98994
-51688
-97685
-11113
-91241
-94730
-98994
97532
-60578
-1611
-4235
-25925
78810
-81091
-16287
54898
-45649
71314
51528
-51688
-4235
76324
54414
-40787
54898
27444
-11113
-11863
18998
-54136
-4235
42173
78810
78810
27444
99098
42173
97532
78810
-36445
99098
99098
61479
-81091
1666
99098
-16287
67498
-97685
15177
15177
61479
15177
-36445
-36445
-97571
-42658
67498
99098
-16287
-65572
-63902
39159
27444
99098
-97571
-36879
96019
96019
96019
-79465
-63902
99098
-63902
43835
53443
-63902
-79465
27444
53443
27444
-92639
99098
-10471
53443
99098
-63902
-97563
18824
49984
18824
53443
-97571
-63902
-26805
49984
-97571
-42932
-80826
-26805
49984
-79379
-42932
49984
49984
-2764
-67093
-6812
-79379
40863
-20861
-6812
-30119
-75791
74721
67228
-80826
-20861
-75791
-6812
17673
49707
-20861
-30221
-2764
-2764
-30221
-20107
-19767
-75791
-20861
-19767
-20107
-19767
-75791
-44430
98969
67228
-30119
21035
5147
99204
-30119
-70546
-63060
-20861
-72403
-19767
-72403
-19767
-70546
-20861
-72403
90789
3819
-77798
70429
-19767
8687
-76803
-77798
77045
-15468
-20861
90789
70429
87536
70429
-72403
8687
-61156
-77798
-77798
8687
-1909
87536
27763
17855
-58497
30039
95588
-58497
87536
-89358
53344
8687
53344
90789
90789
56525
56525
-85251
89038
81627
67823
-74565
52075
-33213
95214
1866
52075
-85251
-33213
-97409
3663
40275
40275
65444
97739
27063
27780
27063
27780
27063
52402
97739
35955
97739
-13909
-62329
98661
88646
-45558
98661
67823
-62567
67823
98661
88646
-73006
-1733
-73006
24621
-1733
88646
24621
98661
98661
24621
98661
-82068
98661
-8720
-31719
-31719
-8720
91106
-94122
-82068
48208
90267
-8720
-719
45869
95613
-76543
46082
51361
-719
-76543
48208
-98723
-8720
-719
51361
46308
38131
45869
-719
25389
-719
73513
80725
33300
73513
75560
70590
73513
-19947
61077
99318
-82068
73513
-30669
33300
31332
-30669
30307
82856
-82068
-29584
10760
38131
70590
80508
80508
-81232
39358
61077
33233
-48903
-96275
33233
-96275
-87493
38131
-96275
-29584
9879
39358
-24813
-87493
41215
10760
-61764
-57351
10760
-61764
71501
-24813
-80046
-49303
-24813
-29584
31332
30307
33041
59420
30307
38131
19990
30307
-33743
39358
59420
30307
-98191
39957
38131
38131
59420
-74154
36721
-74154
80775
38131
-74154
22222
-42642
-25807
61911
22222
93174
33693
-62746
-69355
-61406
-74154
93174
38669
-69355
-61406
-42642
-42642
38669
38669
38669
38669
-68521
38669
70808
-67480
40759
-67480
-67480
79945
79945
-18622
64363
5172
-35558
-84279
-84279
-81269
-81269
14137
-53776
20305
20305
-53776
20305
48257
20305
-89926
20305
48257
20305
-57809
-57809
44584
96397
65383
54648
-80137
54648
23992
23992
23992
93329
93329
23992
-6127
-6127
-6127
50783
35855
-7612
-6127
50783
97809
-13705
-88169
-60492
-61813
97809
-7612
-77669
-7612
-34752
-88169
57954
16666
16666
50783
57954
-77669
-45607
-77669
-12734
88610
-20355
-77669
-30249
-80460
-45607
92330
-20355
-34752
89758
-77669
49503
75186
60688
66099
-74063
-74063
-8581
-77669
60688
-77669
-74063
23014
-24256
-98614
94390
-98614
-44753
60688
-73539
49503
80437
-8581
6682
80437
60688
80437
12894
60688
89758
11939
12894
60688
24927
-29648
25085
80437
68897
13199
89758
-24256
24927
-88603
12894
-74625
-27970
75186
24927
63432
81918
13199
59337
-20827
-20827
-37004
18624
-21025
13199
-26633
-23717
-65823
35432
68897
96433
-20827
8958
57334
-64690
24927
18238
70437
-58305
18238
66900
7381
7381
36028
70437
-82466
-58242
7381
-70310
66900
-24256
-46130
25369
-88603
-50531
-50999
19368
-28887
7381
-31980
36686
-31980
-88603
-92373
-31980
-82466
-31980
45760
34437
-28887
25369
-65445
-31980
-34751
-46130
-31980
-19793
-65445
-58615
-25877
19361
-52861
19361
-92373
-25877
7381
15689
-65445
67281
21681
-65445
-52812
-91471
-24239
-84253
-51769
60018
74397
19361
46148
-46625
-18354
46148
-92373
-24256
-24256
-24239
-65445
21681
-90060
19288
-46625
89497
-90060
-9285
95129
-51769
38983
19361
-51769
-92373
-52812
-92373
-81171
-90060
89497
-81171
20887
64219
-43973
-81171
64219
9251
38983
-81171
20236
-31181
19361
-92373
-66825
23230
19361
-24171
-39199
-92373
-72560
-74569
96568
82376
9251
-92373
-24171
-9589
-74569
52761
-74569
-74569
52761
-9589
-74569
-27553
96568
-27553
-44394
-38305
-58310
-27553
-38498
-38498
52761
52761
-2938
-58310
-58310
-2938
-67701
52761
-58310
-44394
52761
-67701
46130
-44394
76005
96127
35753
96127
76005
-93907
35753
48865
35753
79775
48865
22471
79775
41636
94517
-55259
-37834
-20051
-48670
-20051
97816
30492
-55259
-24440
88415
-24440
15455
-70228
88415
96237
-24440
61551
-62638
52015
367
10727
-24440
96237
-67394
61551
-3977
-50663
88714
24293
-94855
-71952
-71952
-94855
-94573
79699
-88735
65036
52015
32282
14049
-45086
52577
-39013
-54389
21019
-24440
15455
48539
-39013
-71952
7801
-69769
-94573
-73195
-78311
15455
28202
29683
76086
52577
32282
96237
-71952
21019
52577
-94573
-24440
29683
48615
-94855
-86681
88415
-86681
21019
-25461
-49900
-42252
76086
-78311
-94573
24293
-59488
-16932
3647
-34455
24293
7801
7801
3647
90778
3647
-34455
-89105
-38953
-75285
53406
3647
90778
46060
88415
84043
-43692
-4325
48037
92652
-36695
-44911
92652
-36695
-72784
-43692
46060
-14654
92559
41828
92652
-48139
-94855
-80158
-35651
-80158
-72784
-24496
92652
-75285
-24850
41828
-80196
64395
64395
41828
84045
-35651
32282
-60375
84045
88415
64395
86421
-95934
92559
41828
-27467
92652
34802
64395
16666
75892
-24496
88415
-92509
16666
-24496
6843
11528
-24496
86421
6843
-92509
-36695
86421
75892
-36695
15044
75892
6843
6843
-93622
77513
41828
-14266
-14133
-67121
-16417
43048
83134
75892
-77438
-27643
-17278
-17278
-93622
-17278
-27467
-77438
86421
-43872
-7866
97225
-89074
-93622
-78091
-8409
-77438
-89074
7112
-43872
-89618
81799
44913
-7866
-93622
-14133
86421
80654
-41668
15044
-27668
27206
-62937
81128
-14133
55880
7315
33417
-62937
86421
-93622
-46758
15044
86421
-77136
-27668
-69582
-7866
-41668
-27668
58757
30347
81128
-97027
15044
30347
71107
-41668
-67014
-42198
48962
-55201
71107
-49035
-47903
-7866
58757
-7067
42090
-75246
42090
-7067
-55201
-97027
-7866
42090
59300
59300
-93592
-15007
47313
-83734
58757
-7866
59300
-49035
-97027
47313
-49035
20961
85145
58757
-97027
7112
-7866
-58238
49913
-40237
-40237
-731
-731
-731
4548
43494
4548
-28818
-77593
-28818
-77593
-28818
-77593
-33395
22187
-731
-731
13677
8155
8155
8155
8155
32174
-18641
-15272
13677
-51849
96932
13677
-18641
40521
-18641
67596
14881
76498
23380
-59362
64936
64936
-59362
70153
64936
70153
23380
-12533
2503
-33858
-15663
-80820
-80820
-80820
2503
-9243
2503
2503
-80820
2503
-80820
-9243
-65457
-5995
-52900
-86763
45699
-16572
7693
-16572
7693
-47933
-47933
-72410
-72410
-39475
-39475
-11573
44941
22786
-21807
-21807
-18723
5485
51545
5485
83756
-60019
5485
83756
-44255
5485
-30214
-44255
-30214
11327
-25238
-93609
30879
74886
30879
-95483
30879
-93609
28729
78343
-30214
-93609
67073
-67096
-70607
-70607
-66773
68624
-66773
-66773
67073
96549
-30214
-36823
-70607
-62733
-66773
67073
67073
-70607
96549
96549
-70607
17974
-66773
-66773
67073
47175
17015
47175
-9403
14852
85192
47175
47175
-70607
47175
-35632
14852
-50978
9533
2223
-29620
-3144
-1903
-29620
-88950
-36588
47175
-29620
9533
24615
24615
86377
2223
-65168
99875
99875
86377
99875
2223
-1903
-65168
-22534
-22534
71811
-95467
99875
47175
23669
-22534
23669
-65168
10236
-1903
-16186
-16186
-8194
51032
-95467
71811
-22534
65973
-8194
23669
23669
-22534
-93930
65973
-92077
-95467
-42927
-92077
-42927
27084
-22534
-85572
-22534
61134
7070
-42927
7070
27212
27212
27212
-22534
-55334
54615
61134
93624
27212
-85280
-85280
-54950
-85280
-54950
-85280
82957
-6339
-44782
27212
38382
-54950
-93930
99594
27212
82957
-15000
92509
82957
93624
82957
-44782
82957
-15000
-1906
-39044
-39044
-86950
39799
-86950
-32964
-28211
-28211
39799
37606
39799
-86950
-86950
-15000
-86950
-86950
-86950
-23833
-87270
18004
-23833
-51951
-51951
-51951
-23833
96889
-23833
-88750
-69576
-69576
35062
-41980
35062
35062
-41056
-75379
-41056
54683
9272
-75379
-61229
-61229
-61229
25857
-61229
25857
25857
43522
59587
72272
23648
23648
-61229
-61229
-40643
-40643
-40643
23648
23648
-91363
80533
-39870
-39870
-39870
68519
78320
-30584
-35630
-35630
4451
47092
30745
47092
30745
30745
30745
28693
28693
30745
-62540
-16883
53140
91559
-71617
-46108
-46108
91559
53140
-71617
-57691
33389
-57691
-30876
-91196
-71617
-46108
-91196
-40412
95325
95325
-12981
33389
86578
-40412
-70111
-70111
-70111
-70111
-87851
-1713
-1713
9197
9197
93264
93264
93264
93264
27274
-75294
-48027
-48027
-48027
51497
-75294
-75294
61098
12985
12985
61098
79113
12985
-96932
7457
-43666
7457
71729
-50097
71729
71729
49768
49768
49768
49768
49768
-69780
-62871
-62871
-62871
-62871
-31430
49629
34644
-74240
-74240
34644
-42681
-64288
19792
-64288
-4761
80104
75036
-20851
-20851
58540
-22838
58540
86570
-37019
66806
-20851
-61675
-76788
58540
71562
71562
71562
71562
-76788
-76788
-76788
-61675
-76788
-61675
-61675
7903
-64780
7903
-61675
-61675
-44682
38566
-84039
-84039
-19918
-19918
-19918
-79673
-19918
10750
73209
-19918
25966
-19918
25966
25966
-19918
38631
-71015
60554
-30261
49935
76750
49935
12613
38631
12613
60554
12613
-17493
25694
40404
-23422
-91680
77046
-38359
-18301
45732
-18301
-17493
-99469
-17493
-66777
-86185
-86185
-86185
-84257
-86185
-84257
-84257
-84257
29033
13674
13674
13674
-48197
-48197
-48197
82208
-42502
-42502
-22593
-22593
38649
38649
-40855
86754
64212
-58049
92420
-55021
-55021
-55021
-55021
-55021
68913
68913
68913
-67581
-18638
23807
23807
63137
63137
-47937
-47937
-47937
42365
93078
58515
70293
70293
45365
93456
93456
86617
6538
-11226
29898
70859
-11226
-72754
-79126
-86397
-70951
-70951
-86844
-86844
-86844
-12110
15157
13767
67255
67255
47990
74172
74172
50343
50343
88792
60495
60495
50343
81604
60495
88792
60495
-96570
81604
81604
33796
37376
-32666
-7618
50323
-7618
-69995
-96715
37376
-7618
-7618
-96715
-32666
-32666
-45664
-32666
-45664
-45664
80193
-32666
80193
80193
-59699
17944
9534
50920
50920
50920
24095
24361
89899
24361
-77123
23606
-21874
-47545
-21874
-21874
-47545
-47545
-47545
-13903
-69195
-69195
-69195
848
36870
36870
36870
22199
848
848
93261
848
93261
848
848
848
24320
24320
24320
-60266
-9051
-89444
-89444
-89444
-89444
-96960
-25853
-47199
-32706
36994
7039
7039
83205
50178
74665
-45050
50178
-39262
83205
-94446
-94446
-84178
74665
-60919
50178
-60919
-77130
-77130
10142
-77130
1905
1905
-28858
65205
-68973
65205
22142
22142
-34577
-43249
-50011
-35755
78724
55128
-45962
64395
-66125
29776
-66125
-35755
-35755
78724
-71602
78724
-79783
-79783
50012
-63864
-63864
-16220
-16220
-28648
-28648
-24341
-85313
-85313
-98556
-98556
-85313
-98556
-49648
-85313
-85313
74868
-15015
-85313
28070
45994
45994
12956
47126
-87940
51256
-15015
-49648
-83602
72601
87899
-57723
45994
-15015
27408
-85313
-36719
-85313
-83602
-31159
-36719
94296
30931
94296
-16493
75911
30931
27408
27408
-57723
-96581
30931
-28532
-16493
89352
-28532
24003
-65803
94316
-57723
-65803
-63350
75911
-16493
79291
55666
-28532
-16493
-76660
-74871
-6310
-76276
-16493
-36719
-36719
79291
42359
-14870
62805
-14870
-74871
62805
-85437
-6386
-18161
-18161
91604
42359
79291
-18161
62805
22447
60324
-11235
60324
-76660
-53426
-11235
60324
-88303
60324
11511
-18161
-66427
13912
-11235
16203
16203
94168
-88303
-11235
90630
42359
52182
-18161
-53426
43896
90630
62805
-64150
13912
13947
-11883
-79177
-11883
52182
61569
-25681
-53426
62805
-16142
-26842
-55868
-53426
61569
-17697
-11884
64603
-4155
-49212
-5908
-79177
-4155
-5908
34967
26372
42142
17973
13947
16203
62496
-68818
-68818
17973
94271
62496
-17697
-64150
-11883
90264
64603
42271
26372
62496
13947
-17697
94271
-25065
94271
-93890
-93890
15560
-36761
42271
42271
-80504
-49212
-36761
42142
52284
17422
-36761
-11883
-80504
-80504
-36761
62496
31181
-68818
-39178
53633
-73718
-64150
-75761
-3694
-40276
-68818
6412
76484
-81439
41140
-75761
43233
-38943
64603
60227
60227
91828
-91709
-71104
60227
-3694
58065
-81439
-66335
53633
-25065
56689
13974
58065
-91709
-3694
58065
-71104
21611
-11883
-75761
-80504
-81439
-17430
-75761
21611
17422
-84056
-4029
15848
-4029
-20000
63101
-3694
-79491
-80504
-81439
-73718
-4029
-32568
15848
20516
-9675
-3694
-81439
33485
-21570
-32999
-11883
-4029
-3489
-64071
15848
-86364
-17816
-20000
-4029
-402
23995
74208
-44667
-17816
-73718
-3694
-54539
-54539
-11402
-402
-86364
-71104
-76079
-81051
-86364
-27338
-17816
-42345
44668
23995
-77807
-62766
71620
-52569
-46602
-71104
-4029
-79851
-99863
71620
82460
-83399
-4029
-66689
-20000
71225
-62766
-44992
31181
23995
-71104
-52569
-83399
-20000
-46602
-61177
-79844
62582
-61106
33485
42761
-44992
35823
-46782
53679
-52569
35823
75580
-44992
60303
71620
-86344
-86344
74208
44668
-20611
-49018
-4127
98012
-37283
-51288
-46602
-46602
10571
-27338
-62766
-44667
75124
18166
44668
-79844
-73771
61125
10571
-12713
70410
-20000
55295
-27338
21266
16297
-81051
-39897
-30906
10571
71225
-73718
75124
-79844
-66928
75124
17588
-44992
-96828
-73718
-37467
67971
-59373
80485
96159
-59373
19626
19790
-39897
-44992
-37283
454
96159
-11320
-55719
21266
-52114
55295
-43253
-11320
-90481
-90481
-49535
-51288
55295
-59119
17588
53679
-16057
10571
25892
454
-39172
33757
28701
60434
-41278
-12713
65535
47601
-37283
-20826
28701
91024
33757
14163
85493
-35609
85493
91024
85493
-23975
-46314
-55719
-96828
-79697
85493
-79697
84694
-96828
35294
-79697
35294
-26721
-55719
-46404
-54540
20589
-37283
51247
51247
35294
35294
51247
-81051
-16057
10268
-96828
40278
91024
16724
60434
-70770
-16445
-37283
4497
-17767
60434
17588
-1556
-96828
51247
40278
-81051
23026
10571
55295
18739
4497
-59119
18739
11223
-54540
60434
-37283
-66642
-141
-66642
70925
70925
23026
-141
16724
70925
-66642
23026
-26721
10885
51247
-4515
22461
23026
-46404
86156
97280
20628
20628
23026
11223
-1556
10885
-141
-141
-15499
62863
-57397
-48029
86156
16724
-77471
67563
51247
22461
-15499
8645
-7756
-77471
75641
-12713
58773
12866
-8832
-16057
-77471
16724
89000
22461
-43031
38591
-57397
22461
97280
67563
80850
-90535
-79314
89000
75641
38591
-16445
30474
-90535
-66061
-18098
70925
-77471
-57397
15097
-9258
68387
38591
65818
-13723
-50008
68387
-50077
-42611
90144
-15499
-25117
-15499
-79314
30474
-15492
-15499
52358
-90535
-8832
-27481
-79314
-25117
81803
75641
-45415
-42611
70925
90144
-95927
-77674
65818
38795
65818
-62464
-65025
-79314
-89024
70209
-45415
-15499
81803
-15591
90144
38795
70209
-62464
-13723
-65025
-15492
-25968
-58887
-84405
89000
26220
-60066
-95927
-3877
-72557
61711
61711
-25968
-78626
62889
62889
61711
62889
89000
26220
50107
92491
-25968
-65025
-25968
-75412
-74049
-84405
-60066
-3877
-25968
-3877
8788
-36024
61711
-18365
-62168
63637
-15591
-75412
-25968
62889
-72557
61711
21700
-15591
61711
63637
55175
-62168
-56117
-64015
20871
-25968
17236
-85733
-7689
-47283
-89893
-44424
-25968
-47283
-62541
55175
24537
93294
-62541
-69865
-44424
-18365
-10486
8575
40621
74670
8575
78761
55175
40621
11029
-44424
24537
-74330
78761
78761
-89801
-84405
-49243
-89801
-89801
46093
5191
-15591
-25968
-69865
28915
-10486
-25968
-10486
-78015
62889
34793
17988
85892
-26860
-31845
-26860
-69865
-75543
-69865
28915
-69865
-89801
-80582
-31845
26977
-89801
-64046
2902
74670
-29898
-31845
-29898
-64046
-6001
-75543
-31845
44304
-61182
14023
26977
93294
58549
-6001
90463
-26506
-16059
-52503
14023
90463
27978
-62541
-7475
1693
-64046
-16059
-26506
88637
-69531
-62541
730
-7475
11029
-6001
-20891
730
29111
-62541
-27337
-69531
-82313
57370
-61182
73
14023
57370
-7475
-82313
-3229
-61182
58549
27978
-53605
-11698
-53605
84024
-61182
-89801
-82313
-79234
-62541
-89801
730
-79234
34472
-58156
47987
3199
14023
-66894
58549
-38909
-66894
43864
-37655
18226
-66894
47344
25478
-85393
25478
-41102
-33558
-85393
14023
730
-93616
-64046
730
18226
81319
-64046
-38909
-20618
-45178
-60605
-20618
74670
-93616
-37655
-82313
34472
-93616
-82313
60296
18226
27978
-20618
-8714
20202
22968
50602
-60605
-19857
-59297
18832
50965
-24870
-310
-82794
-60605
-37655
-37655
34694
79256
-3613
-33678
55438
-36636
20202
95049
20202
55438
-89801
55438
-90428
-3613
-59297
80181
-60605
79256
-68703
-68703
-37913
50965
-36373
79256
28224
63298
64907
41205
50965
-576
5802
41407
-36373
-68703
5802
41205
-94392
5802
41205
18832
-37913
-97545
37077
45593
24848
-2294
-68160
-68703
55705
-25770
20202
9060
18832
34694
-576
9060
-12800
34694
-97545
-37913
763
-87212
-60637
-12800
-78685
76066
-95325
55438
24848
-41111
37077
93140
-20543
-25770
24848
69448
99694
-43440
-60878
-20543
-73613
84750
55438
69448
24848
35614
69448
-95176
2153
2153
84750
-43440
-4135
-53751
79389
-50819
71578
-50819
2153
-25770
-53751
24848
54422
54422
-83681
-39101
-39101
-95864
-6657
-69387
24189
-95325
-32904
85431
1475
86556
-73613
86556
24189
17421
-95864
-73613
67469
17421
61064
-33587
-33587
67469
61064
-95864
65388
-73613
-20533
-75735
-20533
67469
-20533
-75735
10926
67469
22502
17421
19551
-73613
21847
-73613
15674
22502
15999
-95864
-35830
21847
83367
-97781
-75735
46860
-33500
-35830
21847
46860
-47654
-61486
-97781
12842
22502
-33500
-61486
90086
54118
-61486
-55502
33987
-33500
12842
96444
65543
-33500
53618
-33500
17683
46860
17683
-35830
-76104
96444
17683
-76104
-76104
96444
2131
17683
86573
35694
70040
93777
93777
-76104
36384
86573
-92062
-5718
-55014
-91361
96444
93777
-5718
-25162
-13090
-91361
-40615
-90717
-92062
44070
-5718
-62608
-13090
88933
-75873
93777
-91361
44070
62619
88933
-30794
77365
88933
62619
5948
-40530
77365
-76104
-82332
44963
77365
5948
-76104
-76104
44963
-17822
8574
44963
93777
-76104
93777
-8772
62619
87918
-34730
-91361
-91361
-91361
-91361
-91361
9567
9567
31878
-83698
-83698
-78895
25376
-78895
-29261
-29261
65874
-99082
-67267
-67267
25376
65874
22804
-29261
-57589
-29261
20258
20258
85870
-49484
-49484
46492
85870
41987
41987
66401
85870
-53394
-49484
-75638
89745
4534
-34578
-18993
-18993
4534
23648
-88515
-18993
23648
-34578
-49484
-38268
4534
-74424
67878
-80689
-65604
-80689
-99487
-99487
-74424
4534
-74424
-75638
-99487
4898
-80689
-88433
4898
-88433
65595
-88433
65595
37894
37894
4898
65595
-32127
-32127
58338
58338
58338
58338
58338
58338
-49807
65022
65022
-95699
48659
48659
-88095
-88095
-14030
48541
21364
36795
-14030
21364
-14030
-14030
-14030
21364
69296
69296
-14030
-14030
72208
-7531
13334
-7531
-7531
13334
14810
11202
13334
70217
14810
70217
12261
12261
12261
-19155
-29224
-42470
-31190
-42470
32477
-42470
28903
-35123
-42470
32477
-42470
28903
28903
59266
32477
28903
28903
28903
95615
-31916
-74248
15623
15623
98757
-74248
46397
98757
-77195
-77195
-7794
-36580
-7794
-7794
-7794
34876
-36580
-7794
34876
-36580
-36580
30111
-54417
-54417
-54417
-54417
-54417
-54417
-66753
-65731
-66753
-66753
-66753
-66753
18206
-68872
18206
-70906
54296
54296
-70906
-89001
-89001
72825
74429
74429
39585
39585
39585
39585
39585
39585
53607
53607
53607
-16462
-67360
-67360
-65151
-67360
-67360
35639
-48910
-29997
5669
-29997
9832
18764
18764
14386
14386
1941
14386
1941
84826
84826
34148
84826
-23772
-23772
16639
-43649
-23772
-72751
3436
-82046
34148
-82046
-82046
-81850
-77026
-82046
-52988
-81850
-52164
-38230
-5588
-38230
-38230
48155
-48650
54750
65116
65116
54750
-52164
-52164
-73856
-5588
-66832
-66832
-66832
-46709
96153
96153
96153
96153
11790
-48740
-48740
-48740
58030
-79721
58030
-79721
98034
58030
-67314
-68866
64690
20506
57004
18849
18849
-26954
-26954
-66709
-17718
-66709
-15878
-15878
51477
51477
-84124
51477
-84124
-84124
-47957
36823
36823
-61874
-61874
94465
43375
43375
43375
43375
38906
-50834
76177
76177
76177
-54443
74780
52743
52743
52743
26101
26101
26101
-53745
-53745
-53745
89355
89355
-21131
11118
11118
30990
30990
40129
-32843
-38663
-38663
-19263
61641
61641
89908
89908
89908
-77842
71091
76705
76705
76705
-6827
86422
-85068
-32718
17170
95800
-32718
71363
-15733
-15733
-85068
90205
94857
71363
90205
94857
94857
-85068
71363
94857
27522
27522
-93347
54527
94857
54527
94857
23914
-81105
-36445
-93347
-30962
-30962
94857
94857
93642
23914
51688
23914
-81105
23914
23914
28010
-36445
54527
63013
47607
-30962
23914
-36445
23914
-36445
80708
15746
-53523
-53523
-41681
63013
63013
94857
-41681
94857
-64866
43591
-43471
-43471
73448
4417
60470
80708
47804
80708
-41558
42096
92041
41890
47804
-36607
47804
-28170
38528
-3985
-1685
80708
47804
-28170
38528
-1685
-36607
89521
-8992
-32724
-36607
-64866
-25563
81382
55849
28622
80708
-95682
-25563
-25563
89521
42096
44634
89521
-67900
-67900
55849
80708
95194
79967
44634
42096
-39087
-49901
96579
12824
63719
41041
-21438
73951
-2067
41041
96579
-67900
-41224
-41224
-41224
68688
38425
96579
37340
-69550
37340
-39087
-57275
28622
28622
-70738
48191
12325
12325
-70738
-86300
61193
-86916
15879
-86300
-24978
-24978
-24978
-24978
15879
66927
66927
23159
15879
49386
-83351
34541
-6376
-98342
66927
39993
49386
-6376
-3688
-92170
-3688
49386
97438
39993
-77638
20983
75352
49386
39993
97438
-80481
95994
39993
95994
95994
39993
95994
52325
91581
-4368
36381
-46587
-79554
36578
36578
56644
56644
-49434
-65415
84031
-34957
-65415
-34957
-65415
56644
50440
56644
86587
-34957
16509
86587
56644
50440
-49073
-29174
54231
-14982
86587
-90103
50440
-90103
-39935
54231
-90103
-65415
97740
74130
16509
4721
-74124
-32024
-25176
93024
-65415
-77463
-25176
-25176
97740
-90400
-65415
93024
-94157
97740
40059
-50924
-39935
-28857
-51689
40059
-28859
-73746
40059
-47353
-50924
-51689
84303
-51689
-39935
-44779
-45870
25126
-25095
43483
-79831
-44779
-25095
-51689
-79831
43483
90369
-25095
-91092
-2974
-346
2298
-71526
-346
-57706
-39935
-17258
-2974
-47353
52563
88298
2298
-2974
-39935
952
-44779
86586
52563
-58643
-39915
-10650
-2748
-44779
86586
-49177
6235
6235
-49177
66560
-91731
55703
-20912
55703
-91731
-91731
-20912
-49177
-20500
-20500
-34231
75611
42684
7677
-40635
-35241
-46990
-46990
-5445
65233
60598
-46990
65233
65233
65233
60598
65233
65233
28946
60598
-953
60598
-91845
6559
-59189
37621
60598
-91845
60598
-59189
60598
53252
4175
11295
-62294
-62294
-62294
93789
93789
93789
61612
-6271
-6271
-6271
-6271
96904
10414
96904
96904
20839
49650
-32291
-32291
-32291
49650
49650
49650
-99830
21014
-99830
-99830
-99830
-99830
-12483
-99830
-12483
-99830
76940
76940
-99830
76940
76940
-86876
-86876
79595
79595
-87899
53663
77786
-54680
53663
-14974
-14974
56945
62415
-42513
-42513
5792
34251
-67367
-67367
-37577
-60805
-13460
34251
-26186
63087
-12248
-13460
83159
-22138
22397
-52342
-26186
-53311
-99819
-6466
-11416
-82320
83548
-17850
-82320
68615
68615
-52342
-17850
-17850
90529
68217
63087
-90805
-22138
46767
-69234
-52040
-32035
-26913
81007
46767
90529
58516
-56612
60747
94927
90529
81007
-22138
-22138
-11416
-26913
-87480
-26913
-63524
-25734
-22138
-95203
-69234
-63524
-79165
-19692
-19692
-79165
-95203
60747
60747
-22138
-63524
-87480
-22138
-1562
-95180
-63524
-22138
-67335
60747
75647
75647
-74763
75647
25470
65459
65459
65459
25470
74544
74427
-46507
-46507
-70438
-70438
74544
15714
7109
74427
-62878
74544
-46507
19112
66769
7109
74544
74544
7109
-70438
14440
19112
66769
-41842
19112
-85757
19112
-62114
75647
-50813
36540
-41842
-55655
-41391
91053
53966
14990
68461
36540
-17482
29334
-89967
-50813
-53118
29334
36540
-22273
-53118
-22273
-53118
29334
-22273
14440
-41391
-45174
-17482
29334
53966
-60838
88525
-60838
96352
-25815
29334
-98633
53966
-36218
-60838
-73792
-98633
-22273
94069
-6596
-17482
72414
-40425
-40425
30797
-6596
-22273
14440
90376
-28185
68461
94069
88889
-64886
94069
-97939
-40425
-72881
-15683
-24183
22668
14440
-72881
14440
-28185
-64884
-77216
-64886
-15683
53853
-28185
19883
95154
-17482
90092
4051
82925
-19803
-28185
82925
42717
42717
-53298
4051
82925
-77913
42717
-17482
43864
4051
66212
82847
43864
-17482
-57079
-40425
53355
-28185
43864
66874
-15683
-28185
53355
-76673
66874
66874
-19803
98225
98225
69552
7882
7882
-17482
80023
12218
80023
-15683
45827
31233
45827
45827
45827
-77913
-78058
67200
53355
7882
-93005
45827
8278
4168
98225
-93005
98225
4566
-78058
80023
-76673
31233
8278
4566
51923
-76673
-28185
61206
31846
31846
45827
31233
43851
-700
8278
31233
99076
31846
98225
-94395
-93647
40450
8278
98225
17807
31657
-37175
40450
8346
-94395
7109
7109
-93647
17807
31233
17807
-39361
17807
7109
-90389
8346
24315
7109
8278
-90389
-65290
24315
-76760
24315
-93647
-93647
7497
-55395
-62980
7497
6323
25987
-93647
-84212
-1728
6323
-19382
-19382
-12039
78519
-93647
-32530
-19382
-32530
52136
52136
-27245
-32530
-84384
-62777
-27245
54876
73308
54876
-18314
-18314
-29233
89053
89053
-68882
83162
89053
83162
89053
37365
4314
-38778
-46602
50127
-34098
-86344
-86344
30950
54876
-60554
-37903
-73649
-73649
-73649
28253
-63715
-60554
59096
40134
-688
-73649
59096
54876
-86344
-73649
45858
78078
45858
45858
59096
59096
-25771
59096
59096
-25771
45858
98025
45858
-93914
-93914
45858
59096
55068
45858
38131
38131
59096
87947
38131
87947
37477
47498
87947
87947
87947
57966
12028
24214
-34373
68638
90743
-69266
-20141
8835
-88298
-69266
31001
-1330
-1330
-1330
-10974
-46916
-10974
-73132
36895
36895
-64717
83663
83663
83663
-18399
-18399
-18399
-18399
-18399
-97705
-63215
-59521
-59521
-78623
-59521
8718
69011
8718
8718
-59521
-59521
-35162
-35162
-21931
-21931
30797
-21931
44816
85156
80413
-59521
-59521
45199
-21931
-59521
80413
80413
80413
-95405
45199
80413
39182
97508
-64268
76142
30797
30797
-87098
44816
-64268
44816
-81465
58660
-21931
30797
58660
17422
59947
-87098
-84062
-10915
-84062
-84062
80413
90897
-50371
80413
56380
80413
-3169
-96593
-50371
17422
80413
-15904
-25234
19443
-3169
34261
18096
-96720
-47921
-85292
-47921
84269
28868
-85292
-36815
47503
-36815
-92565
-85292
87218
52393
52393
-85292
52393
52393
-70411
52393
-70411
-70411
-70411
52393
-82322
-9780
21017
52393
-9780
-14353
-14353
-72848
-46185
17575
17575
-42289
-30716
74660
74660
-99760
80372
25104
39025
-57611
39153
39153
80372
61217
41445
602
-43427
-50449
61217
-47202
-10318
-50449
-47202
-16413
-11917
750
61217
-39662
750
-47202
-10318
81518
-2264
-35287
-74159
-76365
-76365
-76365
1498
94397
-37967
-2183
94397
94397
-85191
-2183
-72214
-29743
-29743
-24057
31605
-698
-698
31605
-2183
31605
-97732
-3315
23392
-63292
31605
-18224
-63292
-71368
91673
91673
-72159
91673
26111
80995
91673
-18224
-18224
-45181
-45181
-45181
-21734
-17440
-64586
42972
42972
42972
-31642
-12162
40379
-31642
-31642
10709
-71211
40379
-31642
-31642
16896
16896
16896
77362
45919
45919
77362
35396
35396
-28639
-28639
-53545
-47618
22035
22035
69027
-96835
69027
-44922
69027
-24713
-68995
20645
20645
20645
-1068
-49696
20645
-49696
42155
-49696
-13229
94594
4142
4142
2237
97204
2237
2237
-80340
-80340
-80340
4142
-80340
4142
68878
-96093
-355
-96093
-49082
35797
35797
9381
27204
35797
-49082
-355
-80340
47651
-49082
49407
47651
88012
47651
88012
5917
49407
5917
42120
51047
-54265
-54265
-54265
49407
-16945
62291
88012
-14272
-65162
-65162
-65162
62291
43082
41474
14687
-70281
-65162
91263
41474
41474
41474
-56561
43082
51269
43082
43082
51269
-39250
-81899
50010
-27686
56100
27971
-63647
-63647
56100
61711
4330
-95040
27971
50010
61711
-84210
-34816
-20563
-57988
-83038
-83038
-93500
-60042
59052
-60042
59052
9574
-71994
581
-71994
59052
-80625
-96434
-96434
67076
67076
-76936
-76936
-81923
-81923
89391
-32620
20934
-32620
-32620
95030
20934
88565
-20901
-20901
-20901
20934
10885
57883
-77177
-20901
-21069
-65867
-65867
-13372
-65867
-65867
-47373
58867
8585
-25977
-25977
-65867
-10872
46336
61970
-67029
-67029
8159
-20243
-50109
40080
40080
44138
44138
-50109
-17023
46336
44138
46336
46336
21334
21334
21334
7433
59351
31064
31064
59351
31064
31064
40454
40454
40454
40454
-24179
40454
40454
-24179
-2325
-2325
-23292
-80760
-6659
27999
-5859
-7336
-14067
39303
-34284
-78644
77421
-26008
-14067
78638
-34284
-34284
-69464
-26008
-8502
2517
-8502
-45508
2517
41577
7777
-8502
-74783
32308
-26008
-88116
-69698
41577
-30073
52286
7777
51454
98356
-24823
34158
34158
41577
95733
36133
25225
6190
3238
41577
-65627
53191
3238
-83895
48974
48974
-61373
64065
-68770
40876
5631
5631
-61373
-83895
64065
-78970
3238
-83895
40876
40876
-61373
-61373
3238
3238
-61373
40876
53283
89310
-83682
32124
40876
14270
40876
53283
19743
-25698
-78970
-13694
47412
26168
40876
74170
84932
74170
77415
19743
19743
-21421
-32878
-25698
38923
77415
-89184
-61373
40207
74170
90564
-6480
77415
90564
-40861
-80419
90564
-76546
-32878
-89094
-61373
-37885
90564
-40861
-50320
-89509
19743
-25698
-89509
74113
-60871
-57611
-96367
17921
-81044
80987
-25698
39437
-57611
-36343
39437
-61373
-40861
-20943
-98468
80987
-61373
19743
-25698
7369
-44217
-61373
14758
-57125
-42962
-24479
-42962
67235
-90412
14758
67235
7369
-11948
-54591
-90412
73801
-90412
-81849
73801
73801
73801
-25698
-54591
36479
-60767
74976
-4184
74976
23049
-83235
-4184
9097
23049
23049
-74418
-12160
-74418
-53901
41046
-12160
-64478
-20890
-82041
-20890
9097
-82041
-66600
36249
9097
-8761
-89570
9097
-20890
-18377
-51168
99711
27467
9097
-59037
-89570
-4184
-4184
-67198
-4184
-55262
-89570
-71587
99711
98854
-55262
99711
-4184
-36876
74505
-82041
70102
70102
74505
-82041
99711
-21945
-4184
-87570
99711
99711
27467
21915
-18377
27467
51373
21915
-87570
46043
-71587
21915
-14210
73001
46043
-14210
18200
-81762
-14210
-14210
-18377
-87570
12659
-67198
-67198
83976
-47128
-56386
-81762
66963
-30885
-11384
-67198
-67198
-56850
-64545
46043
-67198
-95389
-95389
-67198
-67198
73001
18200
55127
12351
11532
-49561
34010
-95389
9251
-7850
-67445
61107
-4349
-18004
4845
-27797
-42655
55127
-62038
4845
-16347
-7850
55127
-86773
-62038
25204
-62038
-43999
37497
4845
34010
-83968
-7850
-93220
4845
-86773
44032
-92746
19462
-43999
-40044
32048
4845
37497
-21764
78978
-43999
20869
-68292
52395
-41283
3975
52395
-24618
39590
-21764
-93220
-72652
-27797
37497
34010
76013
77901
14792
39590
19462
76013
14792
-93220
-94976
19462
3975
-12288
37497
-86786
-16347
46538
46538
62944
76013
-45398
25684
34010
77901
27609
62944
-24618
27609
77901
-21764
-86773
-6208
-24618
-86773
-1302
37497
-12288
52395
-45398
85143
60729
-24618
-34298
34010
-27797
56585
87135
-96917
-85863
40943
4341
-40916
62944
62944
70454
-10421
-48821
-96917
-98045
12291
-34298
21182
-50495
53256
38694
70454
-50495
30203
18157
35713
87135
21182
10896
70454
80054
-12288
76013
-27074
21182
-68909
-4194
35713
44890
12291
-86197
62944
-12288
77237
18293
-24235
-34298
-45398
-24235
-80244
-24618
-12288
30203
21182
77237
21146
30203
-58383
-24618
30203
11873
-48821
11873
-23921
-45398
-80244
78633
10896
-34298
98865
-1125
-80244
71392
18293
68275
-34298
-48821
68275
-44919
-24235
-74052
-52714
-1125
-35418
-44919
-7625
-45398
78633
33868
12291
-13108
-13108
-1125
-80244
-1125
-96476
-13108
16272
20819
-13696
-12552
68542
-36651
-60189
-13108
59912
-84661
52482
-58383
46271
-48821
12498
91854
18293
-42301
22797
34212
-1855
16272
98865
-84661
12775
-68612
-17275
-36928
91854
18293
-68533
12775
-77071
-13696
-12552
-44713
-253
98865
22797
24576
39656
-69750
30562
-1125
-1125
91854
30203
-34298
22797
90619
74956
-44919
74956
-62218
53016
-54179
78281
64037
-78112
-97089
34212
-60189
-34298
-4280
71392
22797
35562
22797
-97089
82493
-79693
98167
14293
12498
-68533
35562
14293
61368
12498
-60189
-13696
82493
35562
-57909
16272
53355
-57909
53355
24769
-60189
-8229
98167
-57909
-81370
12498
-78112
-30235
-36651
61368
9477
53016
99460
-70466
18568
16272
-57615
16272
-30235
-30235
-45508
95609
74956
-89444
-69750
-68533
20819
45160
-30235
64037
18554
45160
-55295
-93077
-21291
-87900
33832
95609
33832
-37812
61368
-55295
95609
86947
-60189
26682
-51354
9477
91251
-45508
-55295
-6986
-86235
-93077
-19572
-55295
-85802
-5006
5461
-10639
-45508
9477
74097
-45508
-31319
25705
7763
98110
22255
-93077
76698
20848
-5006
53362
-61611
74956
26682
34651
18024
23077
25705
79325
16834
69240
-12688
34651
34651
76698
-6986
-46468
18024
38149
-46468
-64045
77474
-17804
-61611
-35831
95395
-60189
20848
-89858
-6986
-36541
26682
-60189
34651
8206
-27046
-12688
26682
89101
69240
26255
47403
51566
7073
7073
80051
25705
-76298
4345
-7346
25705
-78658
13952
-4586
26255
13952
79325
71452
47403
-19572
88737
4345
-55295
20848
31233
-29795
-91260
39168
-9808
80051
-81150
-40104
-78613
-91656
23077
-4646
-36541
74956
6396
26682
-91260
53016
-91260
-55821
-92164
69240
54495
-45554
31233
8206
63059
-47928
32438
-36541
61368
-57960
7073
-4586
-12046
-92164
-9808
-91260
-76298
74214
21515
97833
15570
-21001
38149
-28410
30575
46806
8206
-80771
61368
71128
97833
51187
76084
-76298
8663
8663
84709
-78613
8206
51187
76084
77474
46806
88771
21694
-25686
-17500
61368
-29795
80051
39168
16440
-64276
88771
-80898
32438
28600
-10639
21694
74956
68902
8663
28600
16440
71128
40735
53016
-74598
8206
16440
57625
27816
-17938
64549
-78675
-92164
25986
-29795
-88040
-59198
-23958
49234
32438
37482
46806
71128
71128
57625
8206
-54046
68902
8663
25705
26255
-25686
-27110
-27110
37482
-69027
59406
-53400
45619
-21001
32438
-46035
17753
-46035
-4586
-51315
-17938
74936
-61749
-4586
-47928
-69121
46896
-7346
38720
61368
46806
-7346
38720
91880
-64276
-61749
-88040
8663
-74598
-27110
61368
40145
45619
-68747
74936
43668
-7924
38720
13193
-70282
-32550
-55295
46806
-70282
-10639
2613
-74598
-55295
-32550
-10639
-19817
-17938
-93251
51543
57708
-82198
7433
-42915
-70282
33943
96780
45619
-74598
-93251
-43207
61368
-74598
-23148
-45319
91880
-51315
-80140
-47872
20559
-68747
25986
-23148
35765
-32550
2613
13193
19263
-86078
-32550
59406
-80140
-34817
38720
55814
43668
-86078
37482
13882
79144
53479
37955
-45319
2613
-70405
-45319
-43207
-17938
53479
25705
92907
-51315
5652
-23148
-32550
24564
-43207
25705
49548
-32550
-74598
-80140
19263
-65442
20040
54633
57172
-47745
3809
58496
-63525
-4774
54633
-35274
-34817
24405
14330
27759
53479
58496
-45319
49782
27082
-63105
-60958
-42915
-94623
-4904
88771
27759
-63525
-88694
-78045
96780
40145
61368
62906
2613
3867
-60958
-70405
-90513
66837
-66705
-87964
-45655
-35274
-78045
-24357
37482
73627
-20495
-94623
22538
38964
25986
-69024
-4586
66210
-87964
-4586
77768
-78045
-99407
-1998
-4904
-69024
89213
-61749
-69024
-47209
87484
-4586
-76762
-55032
88241
-87964
54633
-4586
74741
-29439
-4586
-24174
87484
39233
74741
-27788
-47209
-41896
50021
-85504
-27788
74741
25705
-94623
70403
-4586
-11520
-27788
-94623
-41896
-61612
27759
-85504
74741
-94623
-85504
89213
-45655
-90513
99001
-85504
-47872
31765
-61612
31765
-61125
-85504
-41896
3191
-35762
-53857
-4586
-24357
25921
-41896
-4586
65695
-35762
-35762
66210
-61749
-56554
87171
-44759
-47872
-76164
-34817
15465
87185
46374
87171
-97839
-4586
-44759
29471
-59063
87171
-56554
27759
-76164
-61749
46374
-46288
38964
65748
88241
-35762
71633
-59226
54633
3323
29471
25921
-62858
65243
5841
-76164
46374
31765
33843
53145
46374
71633
54633
-96781
33932
-7456
-96781
-44759
-27682
46374
-44043
-27049
-61125
65243
92196
-23437
10848
-27682
65243
-27682
53145
-62858
53145
-47872
-47872
25921
75773
-47872
-54879
-23437
47779
-44759
36184
-22368
80891
-10657
36184
-66478
3514
57367
-22368
-57113
25921
47779
15111
-96781
93030
-61694
39052
39052
15111
-61694
-10657
-97341
12092
1268
5841
-5342
-96781
-79719
-18005
93107
-5342
-54879
-10358
1268
27715
65243
-79719
-39427
-21854
-84727
-46127
1268
1268
-49608
37903
-85745
-39427
-54232
-85745
-54879
-37128
54460
44565
33660
81189
-73543
-54232
-54879
-79278
-1504
68948
70770
-64378
25756
75169
-73543
13140
73748
-68411
25756
13140
-40141
-1504
-36286
-53248
-1504
-1306
-48173
16030
12951
-64939
-54879
96199
-41249
-78888
-98631
84323
-41249
81189
-36286
-84727
57297
12951
54460
-98631
-54879
-98631
-37128
44565
-74569
71781
57297
-97928
52240
-72379
42660
-36286
-41708
52240
-36286
46885
-47773
-48222
-47471
-73767
-47471
-37435
20400
-99658
54460
-11669
-7456
-99658
-78888
-87197
-47850
-73767
-77852
-97928
-62120
21389
7373
32137
60857
-621
-87197
-74569
-54879
21389
90338
-85745
-54591
21010
-47471
90338
93901
-62120
90338
-37435
-92065
-62120
10734
-37128
-78888
1389
46885
-47471
10734
-48222
-48173
70472
-62120
59706
-37435
98708
-54591
-59027
70472
29682
92353
-48222
-40141
-84727
-48222
15569
29682
48649
15569
-84727
90338
77424
93353
70770
-85745
-48222
-48173
-47850
-40141
-60844
-77852
-53493
-90761
46811
93901
70770
-78110
-84727
-54591
93901
-60389
-7456
-78110
41811
-28843
-28843
87809
-7456
-49388
93901
83252
-7456
41811
-34299
41251
-92985
39848
58416
38737
-48222
-92985
46885
-66704
-85855
-22316
-54591
-34299
41811
-22316
69652
-22316
92265
49876
-78110
-52762
59706
70770
69652
20701
70770
-66704
-22316
39848
5936
-22316
41709
15569
78239
41811
2535
-84727
-78849
20701
78239
-84727
31454
66952
50103
-17103
-22316
58585
-4781
28547
-3941
-83182
-11209
-73436
46885
-54591
-83182
72397
49876
-17103
41709
51070
-3445
-4419
44639
17124
-90761
-14342
-90761
59706
-40072
-62120
38737
23177
26947
-63094
78239
91094
-11209
-52872
-3539
-84300
93353
-22647
51070
-84300
-63594
42247
54511
-11209
-40072
83715
54511
-17275
-49567
61219
62997
23177
-4478
50096
61219
67931
-85083
-2914
94250
54511
-48222
-74218
-48222
-91968
96565
69627
-62604
15805
71266
-79147
95752
44639
-15453
-95965
67931
95444
-41141
59706
-64979
-49567
-73436
51070
-74370
62997
86255
19009
5701
-62604
82350
54511
-2443
-74370
59704
-98776
40597
-98776
19009
52072
24516
-61969
-2443
-61496
-2443
-64979
71266
52072
96565
58733
-62604
-41141
-2443
-61496
-15453
-2443
62997
-74250
79152
-48393
-41141
-14342
-74250
11484
-51656
-39742
-91678
69842
11484
289
-53220
-14342
69842
-18662
34398
-35976
91094
11484
53119
-98
78942
-98776
93386
11484
93666
11484
-98235
78942
78942
-51656
61820
-89862
95161
54143
-14342
-98
-74250
-2914
-54448
96171
-2443
-73441
-9785
43348
-2914
52457
43348
-63853
-32262
-86404
82350
43348
53375
-72745
-13223
82350
289
-33279
-33319
-32262
81766
20244
-61496
-98235
-19954
-18662
-35976
-75416
-33319
-19954
12187
83897
-73441
46266
-51656
-18662
75170
-96529
-89194
-27439
52243
-3384
-98
-57170
-19954
-99082
-60395
81766
-59966
-61496
-11351
34064
-3384
-89194
20490
-98
-41141
11131
-56437
-93428
97577
34916
-18331
43514
62997
-75416
-74250
-57170
-19954
-59966
83897
-73441
42774
52243
-89194
-86404
-74250
-98
2768
-86404
14615
-84573
-56437
-19954
-13455
71718
-98
-35976
-63853
95494
-35976
-48052
-77799
11131
54147
-73441
-51656
-22462
27889
-9287
-76406
11131
-73377
14615
97577
-11351
-53577
-58207
-57170
-57170
27889
73520
-42458
63575
-21399
-73377
14615
69684
-33728
-33728
-73441
-48052
2768
-94814
-11351
-57170
12550
2361
-37827
81439
27889
-21399
-13574
-42458
14615
78682
2768
-68904
-89419
81439
289
-21399
27889
-63853
78942
32453
64204
2768
-9315
81439
63956
-9315
-68615
99330
32453
29568
45308
-15659
-82120
14615
17381
22094
-68904
66712
71724
63956
38743
99330
22094
-17862
-22462
8892
-73377
4157
4157
-68943
61290
-36667
17381
-63853
22094
-73377
63956
-42458
-48052
-36667
52108
-24483
-52164
52108
-68904
-52164
-51884
20385
-17862
5600
-92226
-51884
-51884
84845
-98
-36667
-11178
41130
-18043
-11178
-77966
41130
80682
20385
54147
78682
31114
-63853
64204
-68943
66712
-82120
-38277
-84471
79950
78682
-38277
-25399
61401
-9315
-62807
22094
41130
7524
-24192
71025
62065
-76650
-98617
38889
87751
7524
11747
87751
20385
22399
-98617
52108
-62807
2498
31896
86747
-62807
2829
31114
22399
2498
19940
-62807
-37721
39130
-18043
21911
21911
-46302
40454
8415
61401
-82120
-76945
80682
54147
-90367
-68943
-4828
-47035
-94513
7524
8415
-28189
3016
71025
-90005
2829
-66642
37389
11747
-38277
-797
-92226
-37827
58540
38889
-47035
-797
67955
7524
62065
-66642
67955
-47035
-98
85860
14615
-58207
95272
-797
38889
8415
11131
-87131
-88289
-90005
38889
-50641
-87131
19940
-4828
71025
-86165
-38277
38889
39130
-10580
-90367
69684
-4828
-4828
1944
-21050
22399
31896
64610
61401
-49637
-33971
-12760
1944
-21050
-95990
-94416
-52652
41445
94896
-33971
9717
37389
-2383
14615
64610
-48392
53134
31896
-37827
61610
58540
-9996
-26018
98657
-26018
-57219
-47035
58752
-88289
-28189
-3492
-98685
-12760
62065
-9156
-15273
30455
-94416
90768
11747
12707
95272
85430
-13475
-55752
98160
-39235
37389
-91604
-9215
-88289
-87131
-12760
-92359
71025
-17862
94896
-47035
-98807
31896
77662
37389
11606
27478
-13475
11606
-88778
41445
-88289
53134
-42059
-73737
-87131
-47035
89009
91553
91553
91553
-1660
-95387
-21050
50046
-90005
-79088
-92359
11131
-98807
-81750
7323
-99547
-93397
-44819
-44819
-91604
-98851
98657
89009
-28189
98657
63152
-37992
56856
-99541
-99541
-35781
-93397
-76411
-17862
-81750
-99541
-99874
-41159
-17533
-99874
53416
-3662
-25101
98160
-55969
99380
-41329
-55780
83967
-25101
-23371
-99547
-88788
63191
99004
-15273
-55780
-22389
-25101
27478
93946
-9996
99004
-91357
-76411
-25101
-91604
-97213
-91357
58893
93946
-18858
-91604
-18858
-3662
28530
22518
37389
1944
-27451
94896
84830
-79863
58893
-65242
37389
-30789
-97213
37389
73532
-22389
-98807
99489
41359
79440
85430
76196
39715
31896
49139
79440
-47035
-60608
76196
78181
94896
-79111
2665
-8876
-60608
89709
24758
43927
-57219
-17533
-49699
-98622
99539
77051
60002
45221
-25367
-18858
89709
-8876
86861
99489
94896
12372
-49699
-62169
7323
-18858
99004
2665
-62169
99539
-58708
46058
53738
51066
99004
-1913
-60578
83795
-84003
-58508
-62169
-59735
72150
51066
-15178
87592
79798
-54211
46058
-25367
89709
7323
87592
7323
78181
89135
-58708
99539
58784
-96990
-5700
86861
53738
-22389
-27786
-30576
79798
-5700
-2552
-89323
32147
-98617
99539
87592
-44091
-69404
98578
-73355
-96990
70392
80386
41840
-28031
-33131
-60493
67371
-44091
-52
-60493
172
-76530
30455
-76530
-71610
43927
41280
41359
67371
87592
7323
67371
2665
70945
11120
-51121
66623
-38003
87592
-65336
87592
-94224
49055
-59749
-11323
-59749
-71260
-33131
37125
79675
89709
-13828
-73870
-2272
63613
-73870
-5700
-66154
80386
70945
11120
-2552
-69404
63996
-96990
-71610
-64379
-23928
-73870
55939
893
46975
49139
78526
37125
66403
70945
43927
-79042
-96990
-88391
-23928
-16154
-88393
-38003
14475
-59749
11120
54342
87592
70945
73149
10014
52494
10014
-43031
-15580
58784
-59749
-95767
-89770
-88391
-70875
3383
-51631
-51631
-85764
-94794
-51631
-62434
63996
-93401
-29316
51595
-66154
-66154
1488
-88393
-5992
13819
15913
-16154
14475
50842
-63037
79719
-39804
91891
78526
-484
92027
-65372
86374
84347
54342
63996
14475
-85764
35394
-4844
1488
-62434
58784
54342
38362
-68331
76196
51248
56606
-484
-14284
17054
99490
-11323
-11323
-39804
50842
-72781
-93401
50842
37125
-63037
-84281
-62434
80238
91891
-44898
80238
-44898
17361
38127
-56352
-31472
-90840
-66747
51595
-56352
17361
-44898
-56352
58784
-34717
-25524
-66747
84347
73418
-37752
-11323
-66747
-6694
-16154
80238
-30202
58784
-62321
86743
-77420
42192
-31472
-90840
-16154
37125
68587
87222
3890
36013
51248
58784
68587
58784
-90840
50842
-59664
98122
27324
92122
-84281
17602
-80857
91891
17602
49392
49392
58784
-76866
-84612
-35600
58784
97671
42044
65035
81684
65035
49139
20210
65035
-18292
79705
38091
-84281
49392
49392
79705
92778
-17449
58784
49392
38362
-76866
80238
87688
-96288
39444
49139
-8753
57436
-17449
-8753
68587
-18292
87688
57436
-28807
56247
-16184
-84612
68587
78127
26894
-34717
37394
80238
79705
78127
14057
50543
56247
37394
37394
73149
17602
26894
24273
87831
38578
87688
22717
-8753
-4865
87552
-674
87552
16270
37394
67227
-17449
16270
32282
-84281
4290
-34717
32282
57436
87688
30318
14057
-34717
30318
36348
-17449
-4597
-9123
41194
7218
-96936
-84612
7218
-25692
32282
-4719
-52300
-86121
32282
56247
68587
98408
56247
-76866
56247
-199
-34717
68587
-90848
-34717
67227
-90848
7218
41218
41218
3540
-25692
83618
67227
7218
-21174
-66264
-69668
52388
-9115
66251
37394
-4719
92849
89452
-69668
68587
56247
83618
-34717
-66264
-84612
66251
37394
-66264
36348
78127
96848
83618
-84612
41218
14057
99212
61078
99212
-7570
49782
79953
83618
-45140
-98294
-7570
83618
-5544
7134
83618
-87812
80335
93794
-84612
12231
96848
-87812
-84612
80335
52251
96848
78127
80335
-5544
-7570
-98294
93794
22717
-4719
22717
-4719
73376
-59568
69332
-34001
91308
-5544
-34001
7784
97735
93794
-8659
-87812
-8659
-92352
974
-60532
-92352
-61956
-98294
-59568
77052
7784
-92352
7784
14134
7784
84501
-15293
974
-92352
84501
-62637
14134
85288
93794
-15293
-62637
74026
68977
-62637
68977
85288
22922
86251
64320
-66791
10830
-34124
-72205
-41617
-19973
-15293
-59568
85674
12823
59559
-19973
-66791
68752
10830
86251
-59568
-66791
59559
-61647
10830
86251
-59568
-49420
52125
-34124
-61647
48610
22922
64320
47620
-61527
10830
-25791
85288
-3194
-60329
-34124
64320
-74977
85674
75028
-3194
-25791
66118
41818
-49420
10830
-60329
-59568
66118
59559
-39438
59559
-59568
-61527
48610
27379
66118
-91526
-59568
-51366
-23663
-50265
-38012
14134
-3194
-82391
-23663
41818
-27523
85674
-41464
-23663
14134
12160
-66791
-91748
-27523
50885
-88263
53229
68624
50885
16647
-88263
11063
-32017
51560
12160
-82391
16647
96644
96644
51560
16946
1062
22699
29237
29477
20566
90559
-91748
22699
-24658
29237
16946
178
-27523
-24658
-41612
68624
84581
-27523
50885
-88263
85674
84581
-88263
-29071
-34906
35813
-98078
-22836
29477
-34906
68079
-20976
-93776
54731
-87496
50885
90391
35813
35813
-21500
-21500
57546
51772
-18232
-31618
-70020
-34906
11063
-66083
-70020
54731
-9107
-83427
-70020
11063
54731
97000
13944
-21276
178
52158
-89006
35813
-74989
-87496
-96369
7173
-22836
15272
-30109
35813
-31618
-66083
92427
-3880
-22836
-74989
33389
15272
-77965
54731
5526
68079
-44031
84002
5526
-3880
83345
-83427
93604
53229
39841
-83427
-44031
-44031
84002
-51453
-10829
-30109
68079
178
5526
31838
-24658
-74989
-65431
-66836
53229
-83427
-10829
93604
178
90391
-10829
-74989
76946
-58220
-6856
-31618
82160
47875
53229
38187
-89656
-24658
-89656
-98261
87132
-58220
178
-3248
-22747
178
82160
75939
60060
-56480
75939
38187
-53986
24176
60060
53229
5526
-82036
-59261
84002
84002
-85475
95236
38133
-43979
-52176
-28964
-82036
25986
-84992
-86259
-89656
25986
-4371
75939
25986
75939
71737
42759
-28964
82821
-53986
71737
38133
-98261
84002
5526
-80000
94738
-59261
25817
52999
-87010
-59261
-16907
94738
13944
-10829
-38287
-40001
21979
8267
21979
66004
-53140
-4294
-85756
-78475
-11097
-34218
-53140
-20468
-32467
-72208
56026
-26113
-54387
-64369
-38287
-11363
-34218
21440
-24709
-72006
-32467
53836
-20468
4604
-78475
18959
21305
97506
49734
-32192
-10829
-11363
-24709
-4294
-13579
-4294
49734
-85756
53836
88510
53836
-87010
-78963
53836
76039
-24709
5526
33031
-4294
-78475
31737
-54387
-10829
-32467
62255
-94906
-4294
-2881
82622
-4371
-69096
54976
43212
82821
21440
94462
-64369
-61394
1690
-35562
82622
-67247
25384
-78475
4604
15483
-87010
-87010
-69096
-67247
4604
-2881
71737
-31239
-2881
33031
17683
-90355
-7345
-64369
-69096
-54387
88510
30811
-66581
-71112
5526
-7345
15483
-97372
-62747
88510
5526
30811
94912
-39666
94462
4604
-8517
-24051
33031
43622
80398
97506
-4347
-22309
-63250
-51610
-13579
-46251
-22232
-78475
-24051
4604
-75291
-53069
94912
-78475
88510
25384
-17371
-26832
1690
-58038
72945
-2881
43622
70991
-22309
94462
-2881
53836
4604
95172
-12425
-50196
1690
-47824
48958
-9283
49581
-564
-25402
72217
5526
4604
89989
82821
13500
-43622
34237
82821
41342
89989
7668
58305
7668
-24051
-18326
-97389
7668
72766
-9780
6279
-95680
48958
-35013
-43622
33031
27207
-25218
-30736
26223
-52321
-25218
-87454
78876
79761
10872
-47172
66044
-47172
34237
50888
-26832
-3298
-78475
-21018
-25402
-90514
48958
-66581
-91050
-7836
-7541
-62237
-25402
-54151
-66581
-27707
-55778
-66581
88838
26623
1076
-22392
70991
-44273
-57319
-57319
26223
-57497
94462
-22392
-38378
2461
-90605
-7836
-87454
58305
-43622
-90605
36286
38912
88838
-62237
-6285
-40100
-88180
29793
78876
49581
-40100
29793
36286
32421
-21018
49383
92973
94462
-26832
-38378
16209
-43622
38912
-26832
49581
-91050
6279
41433
-27707
-25402
-72879
69117
94462
-25402
26623
10159
28831
23030
-27707
-97612
3328
6279
78876
-69625
-89364
47105
-43622
-43622
-24709
92973
64648
52606
-6661
29793
16137
78876
-64092
93604
53655
-88180
-89364
-27707
23030
-24051
-45192
38912
78876
-87454
-64284
10292
47105
57437
58986
16137
-45192
-89822
-78456
-89364
57437
-38819
-1170
-72879
10159
84573
75789
10872
61803
-18326
-61925
-38819
38302
-91008
64638
91727
-7978
36229
17303
-78515
53655
69522
-2822
-31383
20344
-38819
10872
84573
-11576
-97612
10872
4684
-38819
-11576
-16479
-6094
-3794
-11576
-3794
-26760
-3794
-59633
-59633
69117
-27707
-3794
-16479
-52536
69117
77490
4684
37173
-6094
46498
10872
-35522
24839
49383
-38819
-73336
52469
-31100
82756
-24709
97126
-61925
77490
37173
-26760
-16486
27266
-46240
91727
86212
-24709
-61925
38912
-32225
10872
-72879
35530
-78186
26223
-52972
47017
84573
35530
-24469
48434
98535
-16486
-78186
98535
-32730
-7978
27266
-24469
37660
97126
-88217
61803
36181
27266
-31100
-24469
91510
-92485
9075
93500
59025
-69177
-32225
10159
-88217
14856
-15432
-83168
36181
37660
-32730
97126
4684
47787
-13277
-69177
-83168
37660
69117
91510
-92485
1976
98535
-85890
91412
10159
-43296
-24469
-45765
-71619
91727
-86690
-54965
35530
91412
27266
-31100
9075
41979
-325
47787
-5918
37660
-32730
37660
91412
-13277
-66487
-21675
10872
-71619
24128
86212
61797
-5918
9075
-86690
38302
10872
-325
-48181
97126
98535
10872
-68198
40285
-85890
24128
-31383
24128
-75666
65049
28078
-3188
79843
59025
73533
-93808
-99705
14856
-24469
-45765
-93808
-88217
-23119
-2822
-7978
91510
67983
-23119
42357
-21648
-54965
-80483
-93808
-14197
-3188
-92485
-98866
98535
24839
91510
-52304
-52304
98375
-14197
97126
92795
97126
-60145
59025
50909
-3287
31773
92795
52277
64394
38302
55802
-93280
46891
-32225
8919
28078
59025
59025
-36364
-31100
-31100
-51601
1027
-80483
-54965
-98866
-32425
-52539
-26666
78860
50909
50909
69508
-44946
21746
-48181
-26666
-85890
-3794
-51077
-80894
-31100
-14658
-26666
-12624
45660
-3794
-44946
-76010
-3794
38302
8116
45660
24055
22756
26990
-31559
26990
78765
8116
44537
99297
-63649
-31383
99297
-33521
25469
52822
49470
-50987
-80483
-16270
60212
1988
40651
49470
-80483
26990
8116
78512
24055
-44896
-63649
-93280
69508
94114
-23850
44537
26990
91412
79890
76998
99297
42357
69508
69508
69508
-54965
8116
99297
54369
76998
94242
96259
-52539
20601
-88781
54369
99297
-86690
50909
-2749
50909
38504
-48318
-7821
-36309
49470
47969
34188
94242
9702
47969
-14658
-48318
48128
-31383
21065
75816
75340
47969
67500
-54965
96259
-41115
15767
-30628
51724
-48318
-73498
-99290
-23850
-64186
-51077
-54965
-64186
-44896
38302
-51077
-48318
39760
71119
53520
-48318
-11666
79890
5638
-2838
4503
-97518
-1073
-49402
34188
24055
64315
-58560
-58408
78512
19298
-56340
-26804
-49402
-36537
-1073
-39097
71119
-56340
-48643
-48643
-80754
91991
-2838
-6738
66584
44537
-48643
68117
64315
5638
601
-74924
-11666
-22839
-59437
-79381
69817
28066
-75513
-51257
-62186
-70971
-75460
71119
6378
-77805
-52603
44537
-59437
-54965
-61719
-55057
10572
46116
-44896
-99290
-31383
39967
91991
-97813
-21302
-55057
20600
46116
16138
97732
91991
-71897
-97813
15327
-31383
-91412
-19540
39967
-21325
-41905
-66158
-42177
-44907
34188
56569
-91412
59000
-2838
29746
5739
-18703
97732
46116
-79381
-55057
5739
-24089
43546
-19540
61542
67265
46116
-77602
-93280
72108
-18703
-22439
-32995
83761
15976
-10715
-19540
-76043
-55057
35730
72108
-93309
-13215
37364
-89938
-36537
24055
-50023
61238
-82913
97732
-94339
-93309
64315
-18703
29746
6820
46116
-97813
72313
39491
70627
-93280
64315
-85984
-1073
-13215
51724
72108
-45417
-63183
-68039
-20862
-75513
-54423
96771
24993
2694
-93309
98972
7538
33820
97732
-19540
-63978
53663
-8066
53663
-56340
-66072
64315
96771
52367
71119
90771
-72400
96398
-8066
15327
-63183
-52339
-50023
34188
-45899
-92152
-66072
22018
58565
-32821
-16898
77946
10450
45751
-32321
72313
84451
-76422
87745
-66072
90771
96398
-96461
-2838
-63183
39491
59203
-51877
70455
97732
51724
83761
70627
-19540
45658
-45899
58565
-24089
-51877
6820
88351
-17058
-84206
-72400
83761
90771
296
296
24993
7789
88351
96240
96240
-8066
80817
-48788
93262
-72400
44271
-93946
-97813
-76422
-46654
-97813
-70475
45658
59203
-49894
-59891
31389
-22614
58565
-20490
64792
25706
93262
-60800
-47763
-94319
-31433
-92152
92637
67098
-24089
-29649
43020
-60800
-15717
77772
-26549
33820
57909
43020
38141
62563
93262
-32086
88351
-24089
52676
15291
-71611
25666
75402
-71611
-8066
28692
75402
54391
85430
-95957
36419
36419
-49894
-47763
-84206
71119
28066
-23814
95154
31715
-81217
97732
-49894
92637
77946
78032
-22614
-47763
52676
-50023
65994
87350
-62971
-60800
-47763
-8066
9502
93262
82639
-25198
-50023
8451
97732
-71611
-89880
9502
75402
50429
95401
70627
65994
88351
-94319
77946
875
41886
9502
54391
-81217
-67318
54323
92637
31193
-32406
10407
-47763
945
57559
2254
-61442
25666
-63201
10407
-81217
-7391
-50023
37917
83961
62946
3738
875
68418
64315
28066
-80783
-62026
-24089
-47763
-32406
-6743
64315
-67741
89601
-85403
945
-59324
95154
-61795
17941
9729
96515
93262
-59324
63490
21954
-29649
-63201
-76346
-87975
-82583
83961
-73393
-5495
-81217
-59324
93310
-89880
-82583
-5581
-5495
13183
-49411
-37987
4021
67098
98033
-29649
63490
6598
33139
97519
-59324
68788
-5495
-76422
21954
28077
2254
-99828
51563
-60800
-61795
2254
-39032
945
37917
39813
-15062
83961
38557
6598
-60800
-21447
37917
9729
2344
44980
-85403
13183
93262
296
68240
57163
-59010
68240
-22542
33820
80465
-53075
-1426
-49649
25811
48809
-48790
83961
-8836
4643
32769
93262
-3007
-78955
93262
13183
10407
37787
-1426
51563
945
-82583
-6743
-22542
4643
-22542
61037
27458
-52339
65463
-7391
43379
-8836
-62026
22250
-24343
-26318
-8836
48283
-32283
82639
-24343
37565
-39032
-63674
-94157
-22542
-78955
-60845
-87261
63490
-22542
-89880
-54353
-16335
-3007
63398
-15062
74411
30691
-15062
98033
-94157
21697
55332
-78866
38724
-67965
-54177
65463
2254
-63674
-65284
-78147
-82583
70925
-67965
74411
43379
-16335
30691
-78242
-78866
30691
-54177
-82583
28077
-66072
-62971
-45088
23748
62341
38724
-32283
-84516
-60800
-7391
11773
-5495
-54177
-16335
21954
89667
11350
-27652
90686
21954
35257
-62971
-63107
11773
-62971
41900
-54109
21954
38724
51683
-82713
-85080
-62026
-45088
68240
-5495
-27089
45825
10407
-32343
-60800
35257
-22542
-12572
-29401
48283
30691
48283
-62026
68240
-65959
80465
37917
-49831
-78242
74411
-45223
-90646
28077
-60828
-45223
-60828
-54109
68240
-60828
29392
82453
-34859
-60197
5753
-11492
-78242
-44614
32456
27458
99073
-11492
8823
-94157
-1025
-29401
-65670
-45223
50109
-88474
19430
70925
35257
89667
-78242
-14645
-27527
45257
40816
91843
2254
-78242
93262
-88474
-94328
-43475
19430
-65670
-37568
-27527
32456
8823
35257
-62026
-79210
-29358
-89187
-33071
16891
-5686
-62026
52444
32456
88574
-65670
-67546
93767
-84120
21375
-14645
88574
-76910
16891
16891
88574
-29401
-81361
52444
49064
49064
18502
51383
15796
99308
19430
-85169
-66766
-85169
-83161
95880
-75856
16891
64362
18502
98222
52444
-93652
-15563
19430
68240
93767
15990
19110
23504
-25293
-77892
-90246
-79662
88574
15411
-94466
-85169
-14645
-77892
-79397
-90246
-85080
83832
60594
-74857
-52589
-77892
89667
-97478
49155
-85169
47980
-10791
-96354
32597
-90268
-15563
41900
-76910
-53233
21954
93767
33230
-90246
83832
-10784
87698
48537
-79662
-79662
32305
-79397
33230
32305
-90246
67323
37917
15796
23504
44189
67323
-52589
-5495
49064
-60197
87698
-85169
-46826
44189
-25319
41900
-76910
-75842
-87259
-64457
-37568
32456
-94466
-79210
-95734
21549
91791
-64457
-79662
-78469
48537
87698
-64457
32456
45119
-10791
-46634
80344
-79662
5406
-48084
32456
-95734
-60197
-74822
87698
33230
-95734
18921
6043
48537
32456
34074
27458
-48084
-9232
-79397
-86444
-48084
-60828
-83161
-1880
67323
9182
70790
99652
18921
45307
21549
22324
91791
45257
9064
-25319
80465
-78429
6043
-92745
23571
-90246
-95734
-85080
80465
63802
-28055
21549
-60777
-86769
78411
76737
-78469
13200
88884
70790
-74203
70790
6043
-64457
80465
-90246
13212
76737
20719
42054
80344
95880
80465
80344
31774
-53233
48426
82211
-79210
-60197
-95734
13212
33853
-87259
80344
-74203
-70865
82211
38209
80344
31774
38209
76737
78522
20719
13212
42054
-72325
-87259
-96529
76737
-72325
98604
42054
-48860
22423
-60197
95880
-92745
81187
-15563
-75817
-94466
80344
47008
47008
47212
-88196
-87259
-61589
88884
-60197
-54780
-67634
-79979
80344
-96529
97972
16072
-48743
25379
95880
-70641
95373
6043
81927
16227
39699
1685
73695
-44907
-72325
73695
20719
80465
84074
29875
-1880
-4221
23504
67176
-8087
88884
-56522
32012
34269
67176
32012
-65453
-35691
-42941
-15612
13900
-42941
32012
23077
56768
81927
79168
32012
-90246
80344
38209
-4221
33853
-61589
-9232
-44907
-52837
-86769
-92155
-54428
-18556
-9232
79168
7929
-73926
85963
-52837
-15563
-39019
86539
80465
-39019
-18792
-44907
-92155
-18792
-4513
-84554
73695
-78572
39850
-75962
-59329
32012
4733
80465
81927
-18556
88884
4733
-18792
39699
-15563
39699
-75962
-15563
-39019
-65453
32012
72957
-57206
16212
-18792
10144
-75962
-18556
-18792
-97367
-70108
-62372
-33521
-16647
-15331
-74464
14221
-15563
13436
82413
-78572
51104
73695
-61589
-81005
38209
-35691
-19528
41511
-16647
11167
-18737
-36183
-19528
-42130
68981
-74464
-17333
41511
3456
28080
14077
33853
33853
41511
-70108
81927
-80041
39699
-15563
-42130
71720
-7595
5345
99143
16898
71720
50591
-78572
-18737
-70108
-7595
-15166
99885
26656
-15563
13436
4733
-97367
3456
95373
24783
-36183
47008
-30795
-64589
80525
66260
6399
33853
16898
61327
-70641
-94148
-68500
-19528
-46312
-27099
59722
80549
-15154
-57065
-84554
26656
37824
52972
30561
-30536
-31224
-67471
52972
59722
5345
66127
-43875
-78726
-84554
-57206
3456
30561
10144
-62372
0
-61034
-68248
37341
59722
-64589
-64589
66127
-36183
14077
83779
-42130
37824
68549
-58470
-57065
73990
-20027
-78726
-64589
-59525
-96854
3456
4733
-17256
-78726
61689
69637
14077
9790
16898
94729
-58470
26656
-33521
42064
8630
-70641
-17918
31338
-84554
-33521
26656
61327
94729
39699
-68168
14077
-96854
13925
-15563
-53257
3490
-31913
-15563
61327
-30228
-70593
-33521
-20845
58955
-20264
42064
14077
58944
52034
-97606
-58470
-40483
69637
18507
78221
56336
73457
3456
-70905
39699
33285
39699
52972
-70905
-17256
41840
48585
-67311
-97606
9790
-11485
-22279
-11485
-64856
31103
28080
-83146
-79961
-81045
-63234
14077
42064
-61009
-11485
-87430
57547
-72860
-38414
-13961
76088
-471
4940
37341
-75962
78221
42064
39699
73457
-30228
48471
-40483
52972
56336
-74464
-64856
-40483
-63234
48471
4940
76088
-87430
91931
56336
48471
61327
25361
-30228
-72860
-74152
56336
-42591
52972
59286
14077
52034
-70641
-40483
37824
41840
-48875
61841
21763
-38414
52209
-77265
59286
-57245
-72656
-74152
16898
-75142
52209
-38414
25361
-2211
-74152
9790
-64856
-32575
61841
-37907
52209
16204
-64856
52972
33853
91931
-82211
14077
89395
48471
62373
-62337
14562
-38914
-12610
91097
-94924
-94310
12722
-82211
-9110
88318
14562
62373
14077
-7087
-62337
-94924
16204
-8256
-42277
-82658
30280
-1309
-49929
16204
-1309
-47722
-9110
91931
-24853
13572
95091
-94924
-54195
-87805
-8256
91931
-35585
89395
-471
62373
13572
13572
59286
13572
14861
-471
-9110
-471
14861
-30228
95091
90330
-33776
-94924
-67277
-41190
90330
-32202
61929
16204
-70869
-14332
80148
-14332
-32202
59286
14854
64323
-14332
-24853
-14332
2278
61929
61929
-5996
36674
84886
95091
-18969
-63406
-49274
95091
64323
32527
-90934
64323
-95599
-88510
-4587
69825
-76492
-95599
-87805
17052
-18969
-4587
91097
-58897
95154
14854
-66819
80148
-66819
16204
14854
69825
-80921
-94035
-18969
94310
80284
-71531
-51951
-88060
574
67151
49023
-56230
-88510
-18969
67151
-45398
-88510
-4587
-88510
-71531
67151
-59375
91097
-1554
-13471
-97213
-66819
94310
56520
18803
-30100
-30100
1623
-13471
49023
-97213
-56230
64028
-19087
14854
14854
-57797
63519
49023
65579
63741
27075
1623
25896
64343
1623
91097
-97213
-60884
-59375
59963
-85232
-97840
-59375
54390
25896
79862
1623
68808
-59375
85530
64876
-21916
-19087
64876
-39724
68808
-7973
54390
27380
30317
11587
61929
-75990
-97982
91097
-66931
14854
-7973
59963
64343
-37859
-21916
11587
-66931
30317
12311
17967
8931
22350
13068
11587
-8916
-60884
91097
94845
61929
25494
-73798
-20285
-59375
18492
9481
18492
11587
-95738
14394
8931
17967
52190
46903
-20285
13068
-98602
92277
79862
79862
2793
79862
-46670
70104
79862
25494
-31052
-34329
70104
95832
13068
2686
22350
80681
22350
13068
91097
-3668
-89573
-44082
-7973
-37393
-21916
-89573
-32626
42368
-8370
-63298
-96712
41645
92277
-32626
92277
-68773
12311
2686
92277
10367
-64908
-46678
-14644
-30402
37265
-5515
-68773
-7973
2686
-74502
-46678
80681
-52640
-2425
50991
-44082
-31052
-5515
574
2686
-31052
-31052
63895
16337
13068
-2425
-9567
37265
-93099
-3180
-2292
12311
-37727
47025
-64908
-8035
6034
-14644
62544
57284
-64988
30950
50556
-37727
75971
-76748
-9567
92277
-64908
-79162
56858
-76748
-44082
12311
-44470
-97827
-9567
21382
92656
-13094
92277
-64908
-44082
-2425
90868
-2425
48932
21382
-76748
22098
15869
-75891
50556
81789
-53262
62010
-2292
22032
12000
-84734
-78171
50556
12000
-61327
15869
15869
48932
81789
-44470
-40632
-2587
24372
-37727
-52737
-49447
-52737
-54182
-78171
-92892
-49318
-93515
-52737
-49447
65412
-49908
75971
85607
62304
18970
-93515
22032
85607
-59247
-64908
-43395
-92892
-2292
-10639
15869
-92026
-49447
45239
81789
70544
-93515
28235
-65316
-94416
24372
-37680
70544
-61327
-2783
96821
-2587
85828
-35572
-65316
45239
62304
-61327
70544
56417
-35572
93975
70544
-56705
-2783
56417
92368
-59247
11618
-4857
11618
93975
69040
-94180
-59247
-18287
-64908
61132
370
-59247
-39822
56417
-59247
70544
45239
92368
-93284
-16342
-61327
11618
1384
-29925
36237
-86673
-35156
75232
-86673
-29925
-51894
90370
56417
-94180
11618
-61327
-93515
-80073
11618
53234
36237
-51894
46492
-59247
4898
-96000
98501
-86673
75114
56417
61132
370
98501
-59247
46492
-26175
61132
6196
-69156
370
50840
-92042
21262
-46278
-60094
-60094
46492
98501
6196
-47899
18622
-46278
-47899
21262
82400
21262
-60094
-96000
-86673
46492
-61714
83059
69384
-76174
-96000
-75948
44553
-46278
-59247
92228
98975
79197
-75948
64140
-75948
-56085
-76174
-25259
-21465
93975
-46278
92228
98501
93975
4305
92228
-25259
34517
-76174
17235
77924
98501
75114
-66464
-93761
34517
-25259
77924
-25259
34517
-8783
-26822
-76112
-76112
-93761
-21259
-21259
46179
42760
-4517
-11857
98501
18039
-55854
-11857
-8783
-83321
-49542
-55854
-49542
49228
33377
42760
-8822
-93652
-8822
8307
77687
83922
-55854
56792
93975
97811
-25463
70237
17235
42760
-55854
-56860
-50121
17235
-49704
-87100
82048
33377
8366
-49704
-4517
33377
-28290
11454
-66067
-4517
91443
-25463
-87100
-4517
-43063
-98828
-70714
-10997
-86548
48066
-49704
29713
-37364
-70714
-47391
-11742
58504
93192
-87100
8307
58504
97153
8366
-11742
-65622
93192
-25463
-66067
60867
38418
-75446
60867
-98828
8366
-75446
95505
-87100
-35331
-49704
38418
81607
-20344
-47391
95880
-55115
-28761
-55115
-66965
-49704
-32142
-32142
39764
-66965
-23019
60807
-51641
23129
8307
-8074
-87510
-23019
-20344
-23019
-65622
-87100
-23019
45807
54763
8307
10014
97153
54432
-65622
-17999
-66067
93054
-93718
54763
-10997
60867
10014
31536
-11742
38418
93054
-8074
-66067
-39750
10014
-37343
54432
93054
-93718
-23019
11349
-7440
65885
-39750
-23019
95485
23129
1190
76997
-39750
1943
13821
-1435
76997
97153
97894
-88307
-47398
76997
-39750
49897
35612
76997
35612
-89516
-98285
29105
-92002
29105
50153
41262
22183
-54826
-39750
14799
-35143
95211
-35143
49897
-10997
39764
-84833
48575
53727
-23195
-90317
-90317
-8392
92089
66122
-16075
-50339
-8392
41262
62199
-62802
66122
49897
17266
-98649
92089
-50339
14799
-12886
-23195
-62802
-54826
39764
14799
54540
-10997
77833
73599
-44564
-50339
-89516
92669
-23195
15968
-72894
-47398
27893
-50339
54540
49897
50153
-47398
-12886
-62802
73599
-89516
47235
58750
73599
54585
-42660
-47398
39764
-62802
77833
-42415
35612
16146
-88541
27893
20583
56379
-42660
-89901
-42660
-75871
75120
-84833
73599
75120
-29483
73599
-31219
-42469
92669
47235
-50339
92669
29086
-27858
41147
-42469
50238
-59892
-36692
-72894
49897
-76906
67835
-78807
-72894
-36692
-6969
37107
35360
76163
78478
-72894
49897
23493
49897
67835
-76906
-3034
67835
-42469
145
35360
-72894
50153
24422
78478
-72894
-49593
24422
67835
24195
23493
-31219
-43227
-68596
29086
79150
-36692
58663
-42469
41691
-36692
37107
-27742
37107
68271
-99631
41785
-42469
32515
71795
13422
79150
13737
-20560
88620
-8303
-93448
-43227
41691
-43693
24609
-41096
88620
-92051
-43693
35360
15754
-53185
41785
-10512
-27858
37107
-72496
-70670
-3034
49897
-34771
-76495
67835
-72894
-70670
58663
37107
13422
41785
72510
58663
-28143
13422
90708
15754
-43227
90708
-72496
-48505
49897
-41096
57069
50987
-8303
-27858
79211
19864
84872
49897
-72496
63003
-55187
94238
49965
49897
49897
-70691
49965
42422
79211
52474
57069
-85303
-7783
37107
19864
-729
13631
-83449
37107
12422
19864
