-86230
-63346
-12166
-45643
33113
-80956
-82793
-66959
-58133
-95344
-97099
-67950
3549
-40053
66085
95732
83159
-39322
91632
-10032
97974
-36500
-78116
-36500
55922
-96997
-4821
-47943
66320
-80133
37524
-87670
-10509
-37795
-57711
-25217
98144
-54013
33227
89794
61443
70776
-78270
91597
-15150
-92832
46144
86214
55755
19440
-57585
70698
-7143
-79237
-73223
86364
73755
-96824
-99019
-366
-8261
7268
-54889
7268
-87119
50735
-68073
-12163
39540
28490
-95917
-15414
47741
-72261
70635
-79119
-61435
-1700
-87986
87650
-79119
94956
-63665
-73043
-10509
15858
-44695
89642
-66540
-37419
93005
31489
64934
-16415
-88904
-62574
-1263
-94263
98635
-70388
-16066
-95519
-73916
-75188
21564
-33945
54539
-51864
-95519
71457
39769
-46434
-63364
67994
-70116
-37795
-1700
-91926
-66959
37518
-81366
21260
49136
-82682
-10623
-37431
-55027
94918
-57871
11702
22035
-73223
-32472
-15414
45575
-66959
99663
-92026
-57212
-99019
19086
-65734
82595
-71041
-40974
83556
23564
-33490
-52089
61561
12580
-42032
21260
69096
-34426
53755
-13663
-92026
63291
-39943
-7143
-42793
60317
43250
70151
11702
11279
-80725
76908
33695
59148
-76200
91632
-45184
-93379
70776
-78051
13765
30831
-62349
33695
37288
1146
1106
-81366
28924
-96275
30336
98842
66503
-51033
3230
-63220
-54912
-33970
-78480
-13999
99554
6474
15388
-81639
81334
-24262
-19487
-32526
70340
52983
-43859
-79237
26917
30005
19083
-21683
59222
-28428
-31320
58943
44068
-24720
12913
-76521
-20851
6640
35066
37491
-14588
50323
74364
34916
-92213
-93565
-53016
-48233
52773
33113
26877
19383
-99324
32465
2505
49162
-11405
-55986
79480
-27723
-9315
-21634
60933
18464
-12188
99663
