845
-50175
66916
-58104
-71001
61765
-19677
-92576
29655
28534
56142
-25137
-73774
-96420
-29407
92520
4106
3751
-18639
-62807
76370
-7879
-17432
-95323
93913
44478
-13096
-12817
93394
-55145
-86191
-97124
-59157
49361
33917
87180
33029
73550
17517
313
-717
81825
-4905
38132
-91273
-49915
-21346
-11666
-92345
69413
89356
45273
84596
-61946
18586
-76407
-76482
83783
12992
-44195
49145
-15066
-88881
23862
80145
39770
21844
-55843
90027
-22463
-41679
79806
10060
52652
92447
1666
-51899
17192
-37971
93520
94608
-17017
16760
-42824
98635
14318
-83321
19892
36130
-92273
1666
-43494
-25164
-39306
78533
24196
58461
94021
-47731
97654
12604
77554
-14603
18818
-66320
42380
10320
-62823
26646
40914
10947
-29460
32920
39135
1251
56111
-99398
-42576
-23853
45387
16125
-94859
-83883
37970
-90292
58645
-32377
50178
30586
23558
10963
73585
33927
90292
13872
-20848
1763
-92814
-29066
-31203
15506
52075
-21171
-4452
69639
27618
-10277
-98625
-63546
-14189
-8155
-38111
-31203
-38303
-78745
62313
-90998
-75540
-72875
-20324
-31348
-71057
-74284
95983
4071
-97909
-91348
57452
-30745
9826
-86675
82101
8317
-14907
97923
41600
-53727
-83146
57163
8162
-18581
54912
-56224
-81801
87936
32445
94094
-10074
-10414
18017
33009
95139
-59691
75758
134
-15163
-52284
28665
-66005
26193
-39743
64358
23984
-38426
71932
31361
10262
37384
92884
-57272
-74981
-71312
-68684
-33107
11359
61799
-36706
-9184
-96769
-25092
92251
-75969
96869
36578
-77468
99957
-40343
-95672
31462
-31725
-66076
-47143
69566
68245
60039
-28769
-79795
-71928
-89751
-64368
35803
-38566
75171
97594
59677
-15227
82158
27253
-43513
-99923
-18584
-82095
49483
-93111
-64633
17582
-66810
-1100
-33597
-80253
-24517
-61536
53363
-56573
72473
28942
16700
-78797
-93733
-44553
86358
-19713
-84574
-10886
-19976
58664
-77142
-62513
77682
-4206
99142
77778
36484
-24452
-95328
-76443
-43627
71091
-94601
-19931
59146
-32827
-51385
-10040
86771
-99990
24201
5095
9805
20430
-17621
67851
-62512
-28126
-79827
-36306
68352
6477
43075
77130
45358
61166
58837
82086
-99061
-6135
-76994
26906
91163
-58957
56870
1576
78328
1858
-93470
43693
50128
19062
-39102
-36215
66768
49646
21699
18145
96498
97609
68520
22560
99370
54902
-38819
-53511
-39760
-6271
-73964
58848
77255
-3403
-65900
-28735
35623
-33460
97090
-89598
2614
-37154
80586
75991
-86411
13295
-59167
43038
89760
-23864
73875
-56844
8953
5097
-16383
55670
-46032
98127
-82460
70568
46421
-20927
-32544
37705
37657
69040
56907
-82460
68782
11470
96289
-2897
88811
-47684
75907
70164
-90983
-98887
-58155
-11137
67184
22619
58784
30513
29322
-54214
42529
-88398
66889
32163
65238
33474
-48084
-96809
86260
-45302
30834
-377
-64352
-97917
38513
-99941
-24294
83388
26948
71453
82484
72331
47510
56562
-80959
45349
3966
23156
-5275
20105
2859
-71308
8864
85070
49048
-87209
-84871
-25357
-1423
-27613
-47553
-23811
-58289
97635
-26902
-78266
-6096
28260
74371
-12602
-24683
72009
38194
4100
37649
92708
-7884
46377
-26329
48826
-95999
33252
-47756
83340
2528
22277
-49631
-98433
-5738
-26387
-51673
99702
-32743
96062
-70403
74454
-92180
45707
-1603
-42618
-99767
38105
-10559
64164
31158
-18558
-83104
-30095
-35092
66150
-84344
12865
68206
88617
-70996
-91082
-40972
29883
-13890
48098
-44196
97008
-69298
-26560
71150
-57873
-61183
20374
69431
-59608
39451
58389
98296
-99179
85601
-29024
39233
-22954
-33639
33381
-79681
-82272
17360
-77566
-65589
-79981
-60398
38461
39871
63388
2667
-38992
-27690
-77053
-64694
-9642
-20343
97989
-51380
-36356
-9364
-66203
21205
-69915
76597
-29651
-75567
-58510
-62029
-88696
-98658
48368
39581
-55351
95927
89833
-56762
86752
10048
-75645
45964
56669
-45436
37203
26731
-30545
-64676
-46525
-65337
-72229
68467
-29790
-63038
68941
-22791
72142
13224
98456
81593
52146
36884
-78310
-94631
-98626
41195
8524
-85466
-16863
-22238
96300
88724
-6117
-75188
67214
-29020
-64933
-57414
91736
-92604
-4811
-43881
-1666
-91047
-80805
27716
-88783
-32472
-13264
41278
12893
-24654
-60730
-51289
-63387
-34579
97927
46421
42
-13643
-57120
6438
-70804
-8872
9043
-1423
-5205
-9185
-26853
26547
63200
-79929
-50813
-96948
30213
-47890
-49579
78401
5557
9749
-28302
18080
6994
1294
93564
-67504
2107
-40726
18337
66385
-47134
-96670
-32541
-52176
-74713
20636
-40662
-79462
38035
95994
-59238
-83810
-12653
-92374
26643
-78567
26388
-58568
-53816
-17044
37636
66076
-94163
98562
16324
-4385
52687
37558
-25902
-45744
91447
-61170
26281
73393
36500
-31542
-17196
-20366
-84767
98192
10990
-12114
90687
17738
39702
34583
-77248
-52111
-60771
96498
-84432
-68792
-45296
96046
97020
-53690
-90069
-20323
-9968
-63820
-63851
48606
-72043
-18773
-56353
25194
43660
91598
-68058
7791
-85575
-6081
19441
-74195
-23538
98166
-8024
-72013
-27768
-13919
-66112
37963
15341
-76474
43238
77705
13144
84981
13309
95987
43118
59289
18386
-82298
-74697
-76794
-89153
24694
-9308
-69733
-96338
44053
42488
-85634
7916
61242
85860
-923
97652
34064
62854
-61201
-90180
13278
-74605
-15178
2327
-3003
57224
-53852
5774
56552
94741
-8089
6411
70528
-48870
-82308
44819
30463
25518
72389
-42641
72016
42411
-10886
-31034
81606
-55013
-89121
98112
25780
6864
-84501
-27164
86171
-2897
57603
10587
40979
-88025
56034
-42474
25326
38081
88929
-65834
-45247
-80458
71089
57806
52599
-43301
18779
-11094
-19082
8721
-44159
-50957
77675
19322
8177
-25130
7237
-69598
-21297
-34015
85405
14437
11855
-17147
90313
-88006
-71057
-97788
-81789
48602
-40164
-61696
49475
90245
12800
-28553
49624
-10296
-63336
-80584
-17005
-77053
50115
95760
-63083
46093
80324
-53352
-63662
-21521
38035
96211
62760
23683
-31256
24293
56492
71169
69182
-21376
97703
35576
28388
95434
34151
87637
64218
73283
-98008
20847
51343
-63978
56133
66830
-5576
31670
43628
-26471
89931
-74448
81403
66692
-99723
-3625
24612
-82681
80500
-28199
26193
91738
-2897
-52289
-62511
-85761
-78436
-5512
-43726
-46566
6000
36296
-37009
60664
-11655
95017
27606
-34643
-52937
-75868
-97024
-57873
-25044
29823
-27143
91115
-72683
-8568
72012
-6068
-14576
18873
-58831
-63278
50252
17231
22098
-79416
74751
-88375
45199
-59576
90213
34346
88036
54702
66932
-37421
-94761
48689
-59063
-74246
-75192
-57589
-40756
58253
42488
-82755
-2478
55461
79052
-91643
-26222
38154
-97122
43677
94614
-92198
18410
-80125
75280
-26305
13626
-10870
20116
-48397
-35446
-32813
67428
29540
-91858
18691
65822
49678
-10801
75288
78875
-14661
6305
76165
81386
-86121
88330
-24178
-72166
-64534
46126
-82320
76655
-46342
-68349
-55463
-77673
85565
87977
-76297
-14792
-39679
-24551
31350
72864
-94009
92998
-47658
21
-13761
-96839
49909
-23654
-2954
94557
88395
-83168
87486
-71131
94072
77516
-30750
52254
76837
-7260
-446
-78266
-23780
-66518
-87393
-60419
-20314
83642
-93009
-38184
-30513
-71224
52652
-59989
54705
90926
-51209
-35817
71736
-97987
9122
-48944
-20935
-67911
-43738
-29691
88246
-984
91506
-63650
-89298
44777
-83637
-71596
-4093
71300
-90428
62551
-8677
68619
96573
39734
-54892
-73303
-17947
-33195
-74866
-30982
29842
-12037
-5183
-32695
28635
86812
62808
-87158
-55943
-99713
63343
22714
-24982
-86253
-24351
47901
93415
51164
-94206
20427
-16661
-95888
84440
-32612
-57013
-14073
-56224
-10799
94072
81986
42896
-15884
7248
35768
11975
-20616
-24578
38520
47301
-13838
-91228
-30525
-94267
-49354
-35448
94018
62909
-25701
22663
-20455
23648
-85926
-52006
56127
48341
-10825
-3274
17874
-78503
-12272
-53094
-72397
59716
-22945
-59878
-16100
-91936
70912
-71504
-71504
-55943
-92119
85444
-99118
41995
24990
52840
71181
-2569
30512
-61829
62843
14848
94366
-56082
-29648
34968
31454
-17867
2539
93033
58340
-36877
8861
42682
-20454
25377
-44744
-74096
-74158
54899
17876
98773
-30392
-70379
-38754
-24978
-24068
75276
-40587
-2201
93386
-69339
-27613
52605
85993
68698
23705
22785
99737
-30561
-6930
-1696
62517
22272
-77156
-48276
5970
-83034
-32612
6034
7411
1246
5990
60308
-74841
-25762
7707
-76315
-98820
72371
94040
-17587
45350
251
-22623
12139
45413
-40714
52849
-16366
26687
-79337
35470
-82791
83540
72823
35578
-93430
-44195
-16235
20088
20564
-74860
-61755
-81509
99868
28877
-32675
92226
-26902
86078
-50946
79223
19414
-5738
-51385
-66844
4635
-56154
-69607
71164
-53389
18730
45011
85158
32965
65384
45087
-60804
-32881
-28710
51521
-50295
44695
-67940
52660
51796
9556
10597
-87286
62265
-29774
9104
59863
-84313
41828
42935
-20027
77983
-10765
-89565
77036
71873
-58158
-99713
-42790
89894
-72551
65860
78221
92794
-5024
67461
86349
-95414
-49018
14747
18575
-25085
54466
92216
83882
98562
-21725
31541
58375
31276
80371
-11947
23792
-94178
-18103
-34608
61362
-86049
-32976
5859
10811
-81216
54474
43960
89533
-91691
-11737
-96041
-2045
-82977
-73720
-63617
-87134
10084
61511
-12735
-48194
-49376
-54771
-81596
-34157
64293
-49581
84254
2157
-4338
64748
48430
-21413
-33188
-6030
-47498
-74568
-86201
40937
-55130
46757
71285
54290
-49541
67235
-6087
-91247
65802
52472
27868
89346
23067
82458
-89307
50255
-80584
-63262
75011
-271
-97948
89054
-83724
36393
62309
15909
85706
36834
-74287
-36202
-8329
33231
-57990
10660
-91348
-70133
-82139
-83850
-98656
-42308
95085
-58846
-70403
42789
79285
-47732
-76043
65485
6342
-2218
-1376
-14104
7483
-10264
-41876
20417
24844
9463
-88750
9067
-49326
-87873
45481
-4569
84366
-27262
-69686
12441
9227
-91793
96756
40223
66519
64102
9057
-40380
33534
88782
6220
-83539
-83476
55124
-4090
1336
-80583
-81267
55094
66045
-63926
23429
36187
-22531
-59803
-17181
-22281
-66709
-82652
53129
61224
-26785
71731
-13199
-88062
-5653
-68066
13828
61559
-31323
49624
4690
19570
-14246
-77568
-33117
92858
-17659
-66307
-28033
55812
77474
51738
94733
-75458
5720
79426
49568
-38450
25380
94568
67827
49536
25916
-36784
62355
-75996
76007
22559
-22160
15452
-98686
4489
19493
43563
-69256
-25412
66089
-30662
-9241
20029
-74748
-24912
81847
52902
48617
-64396
7905
-43699
-54619
-99383
-71481
41331
94111
-35146
75691
10990
-4075
-69058
7063
-31298
-60460
33041
3996
-70090
12516
-85625
94756
-98894
-42123
-84888
38593
-81918
93243
-26974
-25316
-98978
-76050
-73778
4573
-42612
-84993
69743
2434
71239
17114
7710
62773
-3795
49458
71579
-58992
-67516
46069
-54408
-53270
-73234
-56872
-76636
83670
-55109
92541
-87610
53958
5218
77691
85039
-40640
99367
-35947
-94823
68708
53252
14037
-29609
-8495
-52742
-47791
3853
44043
35345
8800
-36331
-18671
28343
80312
-71346
-62945
81055
70080
-9185
-47512
-5957
24321
64218
-44134
-52136
-13646
-87578
-82564
16865
-85841
40069
-78047
17603
-99017
67934
78829
57708
-1413
-4915
-26014
-55428
-43504
56843
39745
60074
99265
-48094
-70039
-30479
-41163
-26840
-46341
4247
-73686
20182
-99949
-92855
-6848
-49223
72649
-91637
64633
16362
-11054
-1768
-98042
21014
-60541
-60541
-70275
75172
94174
12198
-48208
15597
-30662
-98920
-70546
-95019
75280
5081
-41891
26369
-52310
52273
-34001
18533
77006
12730
50944
-62819
-72831
85740
17181
-33913
-30648
-48301
-6346
20412
12413
-95826
26987
-25335
-47654
-59250
9995
91882
88566
33868
26041
-98270
83595
-10800
-33441
71302
-53645
-51147
-79457
68953
-52199
-87964
30914
-79951
-52312
-49170
-40378
27588
-75694
66574
50278
31000
-91093
78148
-81363
62847
73298
22212
75817
10609
-3198
16803
-50309
36784
-14077
91075
-56979
-2331
-71485
74611
-71367
-71605
-61871
-56701
-40430
92949
-1576
27598
35309
-26803
-51024
15781
-4827
-1300
-83381
-85553
-27853
8928
-22595
-91849
3384
33222
19198
14935
35339
32062
-85791
7480
4244
-6171
33361
-49828
-88248
-23508
-21309
-29864
27963
-60687
52467
-96464
-58875
-2332
41117
7237
54636
-80697
2181
55304
84748
88677
-98804
86729
-34559
-42681
41711
-72035
7289
9223
46974
-56851
97809
69167
-51324
7373
-45313
25684
56954
-25186
-42815
60738
-48160
-51646
-97382
-91789
-7989
-74617
27936
-14969
-63658
49130
-9769
99642
-54678
10356
-6270
-29724
-43688
-2510
21238
-47240
25594
2628
-15255
-28407
-61712
-51432
-14812
19966
-66057
-16175
29277
-5001
1471
-5318
27201
75661
94255
66653
-65845
-78559
10857
-19343
-67226
-61036
70754
89265
-70209
3535
-88948
-82193
-13949
-44095
32651
-21665
-87086
61159
-99134
-66838
-12857
-65988
74675
72523
-32361
41884
-7098
-92382
23170
-54672
-19964
87947
13188
-43149
-58667
-30594
56682
35216
51031
34894
74198
47908
78221
-45788
93765
40513
-55836
58534
2565
78996
62861
35447
-74841
16777
2787
22560
-15780
-13183
-12554
85089
-96585
25710
60106
50791
-61727
82348
-94604
85062
73351
32442
74182
-3149
-83802
38070
-15685
-89392
53763
60481
68815
-39892
74771
-34220
-55828
42955
45776
-25313
-93544
96644
57301
-37303
-48843
-47756
31535
-52197
29594
-2730
53692
-68286
99453
94309
-41365
-32968
-44183
-39980
-21162
-22546
37888
-89091
-19532
88139
-12985
17850
97654
-44179
-22945
-34784
46970
-73637
30388
-39349
91470
-77915
52540
-62827
-55253
-33844
30918
-79751
-52521
-58409
-24337
87805
-81601
-20211
-55856
92549
-83945
48320
-8685
-76315
58679
61937
80946
85868
-70013
6783
69960
-87738
-93593
-54622
40124
-90983
76526
-15887
78347
82980
-79513
39894
-85684
24222
-5937
-10758
-22897
41483
41200
16128
50471
-58055
-42762
57018
71078
78199
-18103
-81956
-5570
81172
-59721
47224
-39312
53644
-43079
-3692
-16864
-82411
-54372
-88092
27405
-20017
57238
-91593
60662
-51699
-63569
-13258
61823
94952
48123
-75682
-80640
67604
26733
96045
12124
9178
12230
-17823
-89796
-55318
66252
72533
7392
-97435
-25560
-44378
61205
9758
17086
16028
99791
-86011
62691
-35596
-48201
-16270
81671
6681
74711
92904
-93497
-43023
91103
68650
88387
30374
-74230
26761
41518
83026
17188
-21930
7218
-66475
-21844
-16322
-32180
-78749
83806
49216
-33865
-72810
76486
-7350
76128
-65013
85531
83937
-92860
-12165
62283
-59251
11861
-55797
-1687
-9570
-25560
-88335
49422
21923
-41539
47009
-72890
71114
-56649
12031
89935
-70136
-67022
-6902
-60020
-17649
-23535
-4770
-99062
-21505
78128
-7849
49910
86280
-6270
-73077
78256
-47733
-99404
-64844
20918
-35373
-79220
69175
30284
-75986
-95494
-22812
54947
13576
-55544
-55115
53956
42249
-95374
-57874
46281
-20829
37225
-50882
9302
-37245
79809
43674
-64100
79549
14856
-67068
38325
51951
61842
-42686
-20368
-30244
11440
-17432
-67460
-66412
39811
-55638
-64246
-81394
61597
-2409
-92698
31897
-51286
-58906
26808
-47467
94547
10499
76324
64303
77874
-99923
16760
65372
-8101
-6181
-82829
58987
-77542
-73564
49032
-4371
-71231
99085
-45163
83087
79131
-86573
71409
38379
3337
30811
-10922
-20782
-64624
39888
-63633
-37245
-93118
73679
58861
11646
10509
84604
82931
14009
29784
-55876
-32910
91788
9861
-4796
8155
-17416
-21697
86190
90311
-95558
-93967
83087
95002
-90264
-44249
33503
39097
-38701
73006
65743
-74742
-24586
11440
-7935
-99593
75501
-36162
22075
-21316
-14096
-16661
-23241
-69936
-12600
-72331
-61924
30583
76101
3091
46738
79666
-98527
-26830
-64336
-67226
-37494
-18003
86075
95832
39542
-33489
91832
-663
-71318
-36096
38655
-75270
-50797
96631
68038
11769
-89539
15909
21663
27526
-10102
-56707
-6502
-95031
37634
15619
-45963
74471
-44069
6220
33359
-16943
-43217
33577
87824
-64302
-46154
-76691
51510
17967
-48861
-56601
-53517
8846
-1793
-5089
-97502
-57348
83303
-89418
71435
-19967
27127
93561
19198
12793
22527
-26088
-28548
84270
76029
-55389
-39671
98808
-38130
-85315
-32257
92697
-66991
-80811
-33162
-65111
-23789
-471
-66762
89563
-49477
50449
84452
37197
39511
-45738
48506
85420
-6609
5084
25958
-1496
-7783
77986
-47772
-85542
-20502
53121
-17698
-13894
1294
31901
3156
-90659
-28488
10562
50278
-2680
-62810
-77103
-85130
84541
-69443
-66865
24023
32911
67363
-15256
59961
-63221
-90884
30806
2170
16562
-89473
-33817
18388
84784
83214
5310
4614
-52470
-59062
20253
-77512
-42519
68718
30252
-11556
-88054
81315
-73386
58371
70756
29762
13665
-77556
-33672
-51781
64024
-92027
60114
-28597
-88419
53751
67612
-58271
-52405
10499
-50122
-71173
-27392
-97502
24671
15393
-62477
8147
-24917
79599
13577
-8329
-62727
-31823
89897
58814
-88066
-93151
-63585
-39273
-77948
-8500
-21
-41497
74084
-6025
-42519
29163
-66106
-4775
92949
14710
45069
4961
-12286
-6015
-43018
23758
-16286
-63609
-9518
27567
-11553
17491
-6483
87488
-72741
-17088
25343
76765
-40325
-36006
33464
-39433
-95607
59620
60018
24901
-70839
-68574
-4418
55612
-57906
2644
-57969
32457
-37306
21382
-82076
90735
-24908
-48761
88724
-8634
69115
-18195
-3907
96560
-98777
95477
16681
-11098
44673
-65792
68950
-65899
-90292
-31234
29691
71169
-83794
-23367
6872
-52963
95878
-46014
60374
48768
61025
-3525
-16761
39764
73351
83513
1930
-47769
-61411
49116
-80580
14101
-34539
84675
-30527
-51192
-22028
-7099
-7483
15580
-97363
66932
-13060
-92034
74083
34568
-20340
-40964
-24263
-41644
82113
15345
-1244
7165
-52640
85286
89691
-99181
-96135
7532
15492
-23130
1220
-61855
-96646
7592
-21180
4493
71085
-46055
76787
-9729
-72642
-48465
36947
-50607
-33716
-66644
-12069
35365
23796
-5897
-13313
-27997
-30238
98643
-64405
-69577
-41862
-93172
-518
-53466
-13575
23410
-48461
66626
-95328
78540
-22946
-70071
-10165
11927
-74017
-96861
63971
-15212
79424
-70985
69275
-43881
-97362
-52492
-2560
76152
53902
-73625
24553
-72401
-41272
-30845
-70519
-37839
38963
99038
-15670
64852
-59445
23634
-79548
-41159
-24814
-80630
26072
88384
30988
93878
29277
-65870
23963
-87728
-99348
-9908
52468
75426
51738
22010
-23544
60793
81659
75402
13865
86534
38777
-66393
-79405
78671
33410
22973
68517
72353
-67325
-26908
-57927
-77407
-85291
81722
-21786
-53677
1151
-76171
-94895
-94419
-7946
85675
61529
56357
39133
80352
67100
17119
35118
-15988
56406
72192
-68218
-36509
-10799
-76202
39397
-301
89754
-48066
-71894
36606
-61506
84067
29400
-65627
12549
-38362
79056
44837
-78683
79682
-81601
59977
-58262
57022
37436
-34820
7383
-49254
48573
56936
15639
-83435
77019
-14218
-16790
-96458
-66205
-81772
15636
-41075
-17029
-15160
-25937
24542
12793
-1387
63307
-6671
51856
9555
-75784
61598
72674
19589
64505
40388
39202
24917
92216
-55164
-9635
80805
-23457
58203
17735
51782
53515
42380
-37585
80189
-46353
50105
-79055
-93945
-49176
-41715
-906
36963
56647
-21859
-41639
79375
-71847
-18864
99230
41431
92563
67524
84174
99735
-31164
15736
-20679
95596
-11044
-40271
-94023
-16192
-98827
37187
-92426
1697
38002
71963
45000
94268
85905
-16191
35573
14408
-81695
-55199
30103
58944
94614
-14208
61441
-13877
-76511
13491
-4718
31276
6002
14281
-8761
56824
87605
-46295
-67859
-67704
31225
-57257
17637
76939
97139
18927
-81259
-9838
43092
39390
565
49247
-95287
91397
-60960
-91571
-40769
87695
-53609
2141
83349
-70918
-58733
74198
72637
24145
-56924
-56458
59871
-56640
69927
-46166
-3826
61422
-48627
-76284
76051
15062
-31339
-57589
-33611
38845
46917
16739
60375
27458
-92025
30021
-93824
35623
58291
87188
-36487
75180
30568
32635
9961
-45754
-95916
-80752
-7782
30136
83535
-44113
40366
-69300
13486
96703
-85550
-66087
39440
39884
5355
-6322
-67276
-91829
48286
-88883
-74844
-29764
-39600
55803
-61201
-7185
-24423
-53789
41110
89246
37923
-4805
-57358
-24247
66513
-25738
72661
81868
-29111
-12894
18025
-97626
-81372
-92227
17203
62357
10601
-62810
-80580
-44696
58386
74506
89451
40408
-70492
63388
-57787
35383
-61500
-53046
20501
-65870
36244
63304
82402
-24168
-47451
-79762
-87472
-93688
-62275
-2821
-72422
-58431
-63650
-35075
-38604
98808
26211
-45754
-48843
-56665
-24019
-91955
-51432
-56271
-17625
52138
81539
84892
-13699
-38938
24303
-89533
63943
6632
7366
874
62313
-80692
63273
86589
-85384
-54214
74440
-77083
98850
12883
-66283
90788
11799
-32227
47394
52974
-57131
-1054
-33743
44298
-50279
-94009
56702
-19126
-56062
-44878
-98606
81091
-3860
10758
29649
81935
85420
4064
-91302
77611
68785
19386
46300
-28819
-17449
-85939
-56481
26052
-58313
-9019
-54571
19287
31095
-22510
-29410
-45144
71041
69062
19335
53711
12968
57732
-47365
69275
-10130
90925
96128
31275
-3245
-56989
89982
28812
65948
60998
-82967
-22526
68668
10240
99868
29095
23598
-91907
19465
-47060
67913
86777
69069
72414
-25694
6477
27455
-77089
-12528
-91283
-73518
-69140
74737
47967
-12880
-67684
72389
38120
-91273
73202
-45589
-11757
-39360
1776
86109
40874
-21777
80511
-59250
-12707
-62472
9069
78588
-19296
37585
-94411
67750
49640
-41097
68121
-51498
-29155
-73900
40914
73554
7097
65384
-68574
16870
26032
-76007
-46483
-87382
38685
24660
1347
82677
-72427
37320
-53774
62752
34982
-6591
73511
-12598
-55876
82484
-22724
-44069
50146
68972
21
58333
66957
62005
40881
-56589
-78126
81041
50541
-39024
18079
48030
-10008
-61047
66344
-85027
9924
-40134
75913
72257
-84780
-27849
-95381
24181
67173
-92691
57560
-16145
-61450
-48300
27605
80232
-52028
10769
-70249
-19496
-8860
-78282
-43905
-39490
-59295
-12067
10913
59283
-41416
-69767
-36782
-45963
65959
-35605
92541
-14010
-45924
-15160
25852
-80994
63654
-45734
-78744
19262
72860
-40037
-23438
-38705
89917
-95284
81143
81396
49243
89518
65959
79137
8904
60773
5021
24068
-4763
13591
81143
18661
68520
93395
-34917
52247
-67533
98612
9624
-16887
8042
-5657
36105
-74554
95865
30454
-13255
24004
8128
6776
-70848
21372
-23280
26108
21911
-43341
64995
-97513
-8687
13269
61754
-25741
-27726
-22561
-16152
39982
-1703
53191
-93053
9184
-24011
12604
-60475
22929
30766
-93452
56998
-46229
45435
60534
96861
10207
8133
-99750
-73815
-62609
-24211
46644
41004
62357
-41514
-47903
-77000
-77351
-9828
11316
26292
-21766
19623
-24177
-83825
-12686
5011
68837
21801
-58976
67328
85371
15277
-44449
23483
-15268
-71160
-54788
91424
1130
-22330
35848
-29815
60992
-15539
43790
-8478
-62399
97527
46014
53475
-40972
22957
-78475
26037
5064
38083
-88646
82306
65728
-32006
-99723
-27161
23878
69458
-54464
56582
-51222
-59137
-81443
-54489
-46941
-92838
23315
-96455
9804
89474
-38093
-41386
-88377
-73554
58681
82441
61848
-737
-71612
-48908
-84000
-22330
-93146
-41346
20296
-92047
-74780
12656
-74568
-37950
-3550
36245
-59508
-53717
-32095
87830
-85630
-87581
34427
-87690
11519
45537
19307
-74909
41843
-48973
-5708
32148
-86191
-97176
33741
77162
-34421
48527
-34820
-87351
13683
12109
39832
59150
-83554
-54823
-11564
-59147
-47673
-16912
21699
-61133
90484
44620
33760
83724
-78769
1832
24020
-71482
-49250
92729
-7816
-14719
-69974
77854
35167
44257
-91037
19570
76392
54883
-51192
-2079
-70966
2436
-271
36140
-52876
-47020
60773
-74398
-73266
-47589
-34561
-93697
-34240
52855
83080
86413
-27164
-91244
56387
-68921
-69081
-21136
52406
981
-5542
89501
76185
-22221
-32992
53632
80970
49450
-15918
-94678
-29045
-20746
-74426
39958
-22646
28585
94970
9924
92729
68467
61362
-50328
-19294
-29940
24296
-7360
67282
-25070
34430
-71152
21589
26669
79252
63758
73030
66347
-43336
-31777
4714
73794
75363
24386
57846
86341
-5597
-23842
-22940
-27894
-59495
-47137
-75843
58453
-38595
91864
38655
-95250
-75115
34060
5067
-85014
79549
-90631
39612
96231
-6671
47582
50954
31386
-55596
49130
-27382
-56777
-31469
6097
-54363
8220
51522
5336
59330
66241
6851
90990
-98420
-8858
97751
-47673
39796
-80110
70034
27082
-31580
-45609
85198
9284
76503
-59536
31794
82033
8528
54465
19892
-48818
-41165
72688
99190
61632
-27521
-78603
-40204
-51165
-44820
-21750
80747
13535
95082
-3100
57236
45707
-20133
-70323
61583
63185
-7818
-50909
-74138
-73876
-49809
-79250
71063
79555
31037
87640
79353
-38766
-57155
-17255
82480
77694
77368
-63563
17098
-20317
51546
-34975
33517
-69322
51731
29138
-86171
45133
96129
-23082
-16696
-49815
81076
97081
62021
576
71245
-69140
34787
-99800
-81513
-94206
6311
21336
68466
62788
-57325
87144
-48150
41540
-5441
-94776
-30185
73944
-9957
-20264
-208
12462
65202
-78769
-63508
-50813
-31848
28160
-63950
33647
-40717
10536
-62082
27598
-85114
-61183
63827
-9773
94619
-39302
30696
16992
-39334
-63650
-53409
-94356
-73682
-12114
84653
-48445
-62533
83045
-47773
-40239
-56691
18004
-99140
51510
70561
59799
5018
36792
-39990
-86171
41455
19240
28194
72609
-70500
93683
-99072
93634
13879
-71779
-44530
82720
36022
17004
52954
35595
-82961
-22164
55256
-77550
-40239
43724
-47273
-84024
-27151
45254
-98625
-26538
25108
-47451
-7279
36953
53855
60508
-77527
-14505
-69807
11032
-47903
34840
6660
1251
87682
62704
55081
95225
75456
57454
-6120
2264
38764
-11504
48807
-5347
60671
95538
-49541
-2265
16261
-79530
88116
-46767
32688
3271
42196
9658
25909
19716
-58003
-17060
70104
-6701
77039
63796
67883
-88794
84563
-9691
-4812
-11651
57068
-66126
-14884
-15160
60089
43650
58084
-66971
30384
68628
-19093
35033
31829
41189
31179
11898
-82652
17739
-74476
-44819
-2754
93026
-58893
54656
80291
98127
-81333
-6160
-5622
-46675
-44196
11753
73593
-16282
-34875
62727
-3838
-91395
-54890
-66788
1347
94960
55695
39827
-43079
-65816
96459
-90184
14205
-50726
47820
11032
73713
47412
-14753
-22183
89110
84825
11997
-85070
-70837
41478
89442
89761
-69998
-58261
-9835
-30857
54099
45074
-66380
93646
51638
-14222
49872
-19732
-42557
-5406
65409
-10213
18680
-80722
10472
-89883
48547
85062
-76209
82952
66760
16807
22121
35264
40816
58203
68098
4256
26154
49490
34705
-97719
47791
58063
67204
666
36903
-13045
30375
-85630
-93782
-58743
32370
-63403
-6696
-12735
87666
26227
-97201
34817
-82895
-51045
58114
69142
27240
16350
52234
22630
61823
-17158
16128
-84813
95394
73790
63809
-91739
42560
-46321
-52990
64477
72982
6107
89246
91235
-19181
-10130
-4059
89257
-9777
75397
-310
78671
-14638
-63989
8220
7908
-4298
30850
-33852
28491
55223
57925
90907
88568
-48687
-83013
93212
-78002
-48105
59088
34160
-51231
67215
-4335
23549
29989
1165
4657
91414
53136
48689
29383
46735
47315
57751
-14018
32373
64483
12198
94961
-59206
41808
51082
2055
-66996
-39275
60682
11278
-19696
-75563
-72527
-3970
41425
76553
-99404
-42730
30420
4016
-74605
-38094
69657
73505
-85857
90472
49106
73684
46985
97779
8436
-8209
-37071
20735
35890
-43508
-21717
11646
11452
25572
-57079
-19793
-35478
15315
-351
-75220
98732
61117
24882
43888
37876
-45400
-98475
-1604
-47741
-83662
88367
-32804
79906
1975
875
-71615
-23492
67427
-71156
-26840
-49006
51784
51298
-79665
-20501
82924
-54380
-53527
33173
-75051
99435
72210
75426
-53325
-67923
22609
66150
-53976
-95619
70993
98884
77215
67862
-26302
-8058
-19303
-78962
6755
1050
70507
85528
2489
-91627
67206
51487
97173
-44158
-71752
33852
-12067
79113
-81156
88850
-58018
-88862
13374
-34768
-49354
82923
-51991
10363
-54635
45423
81518
-78561
-5275
-69457
66006
86753
-21159
53021
-96085
92600
91497
-76813
-59992
83284
-41266
-4242
14127
-60620
94941
-37622
95965
-29791
77014
-50885
39569
43994
42553
78670
-73943
64912
75050
42058
79560
74667
5787
96600
-52137
28492
81837
94650
13875
-73001
-64387
-2364
-28308
-18081
90744
3427
21314
70017
40069
-93792
68730
-70605
-28608
51068
77162
-73711
67173
-24417
-42548
-79679
-50938
16901
-20628
-53896
99984
43608
-82310
24505
-94083
80175
-70170
-7537
-39359
14493
94983
84588
-48595
6298
-81017
34573
-21639
-21083
86590
52344
95987
-24912
-31988
65986
-41643
-77948
-1298
-49950
-56779
14910
-30746
89589
53075
-51422
81143
-19435
-49691
-93985
44155
27337
671
64852
35602
42060
-91273
17371
66786
-33997
54366
33624
-54581
26
29161
-85660
-71399
-23837
37020
-82797
-38069
-11253
-65453
-55529
-51337
26405
4761
-35199
-22993
-1374
-148
-24446
16023
-76482
68953
82296
74173
-45947
97172
-88028
-3482
-62338
34974
-59298
-75832
86621
91786
-4770
43394
-44130
-26437
-80432
48427
67115
-97249
-30912
-17342
40703
-56374
51117
66417
-60170
90382
-26404
-73022
36900
-47464
43084
86605
31116
-8554
-31380
-75994
-82114
39976
34737
-8147
20588
75263
-33009
11542
6605
-57030
32648
-40271
92258
46692
-85040
-56596
17270
-15645
-68888
-11043
8861
-8498
99868
-87337
66446
-99901
69474
31075
89281
-96431
94742
61799
99036
-26261
-12532
-55067
-93102
-99793
97665
61179
-35163
-94728
25507
-99171
37100
-9581
-19835
-31898
-51899
-93334
-9971
-91164
-20147
61273
10383
-27770
49847
51181
-37659
31279
99165
-75824
-98659
-33506
46364
49631
16753
-45477
93243
-41509
70229
-85249
-54901
40395
17189
716
27794
-94981
-24873
58358
-16789
-53084
82846
83453
-2445
-47604
-71429
-52344
-46845
-57963
-50736
-83480
-99117
83206
29543
82827
25120
-97477
-46442
-24052
58657
-25672
-61562
-64836
-62155
-59224
-35431
-77935
91788
-28638
-85200
21466
17189
76787
39951
-62728
74095
-14812
-14459
-74038
70692
98961
41501
94983
-51236
26645
93331
-80659
-94307
-88542
-90970
35959
-734
7644
86482
1419
33474
-7185
-83460
11750
-10630
37323
-56742
-89857
8771
-21577
46895
-95306
47806
-33639
-68279
-89648
-46334
-32047
-27058
-64296
62354
14265
19695
2236
65301
73034
72273
-61196
-81713
13914
33332
-49453
-85266
-12032
-59736
53606
14061
58386
-70594
36242
-25362
65433
26281
-49450
-76772
-83818
-3597
50290
-79568
97510
3722
55263
55073
-53374
-84059
54518
61691
95863
-93463
-88706
-4838
-66435
41952
58708
94367
-46713
-41744
98610
-14512
-30015
27662
-89973
47244
76905
25519
38067
-15697
6198
92610
25947
20935
67685
15920
-84432
17534
-32537
-82460
-97700
24877
55643
97788
42500
-39573
-66593
-63885
94530
-21083
11112
-37354
-15443
90170
-21000
-62568
-32651
22550
-86082
11311
19395
-60342
91328
84596
24974
93674
14088
32466
52562
-13800
11610
5185
48346
-94239
-68209
-98808
-98519
15920
-68357
57022
13525
29614
70696
-70220
-48779
70507
-30025
30585
84155
-24436
-79260
-81770
-41682
-65756
-38721
25336
32571
-98552
-90631
-54165
72995
-36742
-26800
73377
92914
-1979
11051
49080
-741
16185
29343
-73720
-20421
-68741
-99241
9810
2401
17034
-77120
-68016
2734
-63095
32387
11756
74534
-53264
16257
34087
-39226
-19135
97038
-75372
-79165
-26790
-76264
51596
1261
-68436
-49152
77804
-12066
60293
-99485
-28387
50804
-58799
60981
58503
99774
74389
56066
-50309
53788
-77798
-66778
-73787
-98498
-52861
-96326
-21969
-8699
-61589
18351
58177
63918
72253
51879
-62111
48260
86405
93146
88846
-11156
-92708
-4045
54637
-6362
-61654
-47201
21547
-49248
-42323
87151
83889
41501
-91576
63367
24705
14924
83019
-46907
-40615
90559
73872
-37838
-92683
9795
-90243
-18719
-91680
-12066
-17347
59107
5602
89152
-2304
74609
-67395
95074
-28333
-21038
-28763
-94375
16028
77944
38673
-99291
88783
50752
-35029
-79748
-88169
-35886
47044
-31348
55469
77197
4357
20951
-28087
-35159
33587
8283
-27017
-43354
96675
84529
77474
-45195
75063
-70177
-64667
-28161
76716
46852
99849
89276
-55593
17192
-54251
-79638
32744
56646
-42128
-17307
12833
-78530
77585
-69837
-59464
-94143
14009
20281
48769
-6974
14636
-71201
-20247
-40411
-65482
-97122
49180
63113
-14126
9616
-93795
14974
-62823
-25154
50713
-68404
-56246
-5436
-24551
-4544
42868
62221
-60419
64049
14228
-46678
68206
35993
21789
-80539
-18244
-50448
90806
2379
75415
84056
67042
-94516
-8933
54976
55779
-43377
9055
72982
-7898
1584
31862
-77216
37898
69419
86720
-72064
-11388
-62698
34813
-54434
-7518
27080
85213
-34355
17710
7881
-83914
-60460
-3200
-17573
10657
85657
-23746
40456
71590
-74314
25532
15264
-33106
-52225
-66931
51204
-45652
-11264
-24168
-50360
15264
-23243
-62332
-94981
-45781
-4159
-34236
-31651
2501
47399
44029
8873
-67709
84825
-13967
32963
-78656
-27924
95041
15760
74314
-53896
-4090
-67962
-48129
54966
-2358
-68027
44552
86799
-85918
-47080
99561
44507
-3021
-81357
96268
87869
51899
72360
47202
-71387
43034
-22531
87639
-54625
-54670
-87442
-10538
-66205
60998
33802
96280
-85913
-82214
48244
24238
-20224
-38672
21760
-68924
20142
-40824
17794
-29997
5988
-50909
17882
-8642
82138
-52815
-98962
-65495
-36952
21605
-18580
3624
56972
49734
93913
-38238
94613
75546
36932
-89061
84365
92909
-25632
-59026
46355
-25584
65792
-69720
88610
-85392
16558
-34725
-22237
-99103
-29303
-41458
38583
82732
59444
-70225
85808
98329
9739
-18604
-23711
16587
50739
-35486
-21725
47428
-7193
-3351
-91905
98248
20126
-93434
-24137
-19303
-1811
-9774
-84780
-41017
99971
-92837
26651
38563
-72505
-91093
6220
-82764
36245
-19388
-30392
-64396
-71041
30918
-7538
64185
41045
-66177
72429
-18462
-59219
-30736
-96543
-86893
59620
85146
-24984
28699
70259
50382
87097
34977
-8611
-23789
-44419
24535
-61112
-3494
56032
78341
-62673
40983
73291
-38930
48424
96354
58188
-38508
-88103
4873
58479
40975
76347
49885
-97155
-14018
-53270
17136
72509
-56734
60288
85607
73034
73465
-54449
12777
-50401
-11517
62923
64350
69207
40376
51586
-45556
-94495
76436
54483
-54936
61623
-84501
-51558
-82411
50999
62662
24664
32068
-56773
91768
78187
70518
-22476
75178
82869
2199
-95915
15096
45681
-8897
-14785
29062
14281
8873
-39604
-14707
74797
-26410
22336
-90015
-56020
79722
42240
13568
79979
25878
-31103
92975
2958
46543
-99541
-51786
73415
67700
95600
-30184
-36893
-19429
96692
81662
4775
-29594
-20777
-95916
43755
-32407
-38110
88139
-46084
-15193
-46057
-14622
39444
96071
-67132
12459
-88081
44353
-42491
-93259
-6346
-30775
-10955
-67200
53569
-17754
16997
-39312
72645
-70530
-90340
-29164
-70309
-62231
53518
-74979
-98997
-83698
-30814
-16959
-46771
-91505
25734
-62558
-4926
65737
-66518
-738
66472
-59146
57828
78890
94255
-5504
55412
-14803
36600
-93764
28088
85585
39641
63834
-59849
57334
93119
-83145
2687
-6838
26048
29050
-32307
96718
92262
-67050
-70077
-57230
-66633
-58834
-84030
-52885
-37150
58386
30957
49067
-35849
19433
59222
-82422
-93913
-17677
19286
-15014
-41736
25577
-76604
41877
32668
-49768
80898
78424
-66821
81041
-279
20417
-44678
-39876
47886
81147
-80125
83026
-267
-29757
70102
-34913
-90628
27955
-72741
98038
91189
90213
-84780
-1429
-19692
-6015
6671
40133
2462
-21550
84559
44851
-87083
91670
46450
-95778
-19350
94983
27272
-16087
-73291
-39335
67452
61313
-43328
-82777
76875
28574
-63330
73506
-80689
48333
-58114
-74165
-92399
87410
-28265
-96405
-60698
67854
60830
86053
51598
60876
-65551
98464
89451
-56418
70424
3346
-66407
78921
61775
6994
-66324
-64385
41808
89787
40940
-45865
1692
-28798
10200
93706
52688
92372
34529
-69234
21620
-7320
2431
-98730
90896
-63775
60629
-3163
13110
-14384
91935
43522
19240
74154
27955
27578
-21565
13374
-17121
-43244
725
42
60271
93295
-24019
65252
-64676
-41620
-54314
19283
6854
38825
93176
-58387
86113
-27782
91423
-87292
-9471
-14536
-5995
79291
93430
-49285
-67237
-19253
18062
56590
94487
11465
77570
58974
45611
13031
-69140
806
49365
81129
-15439
89819
16036
-88865
-58472
8774
-32283
-11954
55461
-58491
-60731
38000
65226
19337
-93568
29364
17407
-51045
-17943
-31234
98961
-13917
364
21130
91788
91670
30441
99085
80291
-97508
-68442
466
32434
49247
40003
-47512
532
30684
-55256
21768
-9609
-57078
2935
87200
-71303
82638
35806
-56094
-61957
47272
-40280
-57743
-6322
-55893
-90018
-46662
-97134
-18110
51842
-52998
-51231
77750
-45003
-5768
-28416
42593
-68905
22969
-81863
77220
31010
10668
-17497
35339
-65930
33072
-11005
74923
28466
41
15869
-72254
47144
40945
-90530
-36384
35598
26415
-94586
-68058
39790
22666
54512
38083
-16322
-43102
38079
-43244
-78853
-21236
80308
-76144
-48390
86461
66896
-77761
22499
-632
76131
40961
-46089
-58735
86493
-31782
19466
89546
-93815
-84869
-86201
-50641
-45399
97467
15091
-5734
35280
-61109
27733
-76247
-52656
16387
-62150
44231
-9233
17558
87418
-36792
-76820
-44568
74667
-39417
2867
71043
38402
-49419
-28407
-39118
21501
51016
-31094
80929
-43476
-90359
-39306
60288
-39537
91563
-11453
-90029
16426
387
53652
65607
-32143
93906
35769
58987
89741
94022
-67511
4918
95069
-46489
77474
-47127
-65847
-29363
-83143
-59196
-15793
-604
-26830
93270
-2105
35152
-63669
38909
-5253
7088
29750
-41043
-92620
-90328
35383
-67367
-41495
-82478
93164
-30919
58113
-61481
-44173
-99244
90108
33519
3319
-46708
-5801
-58821
91220
-1648
-89855
96650
-66012
70081
-578
61054
-98222
71989
-83316
-85676
61179
-77602
41146
72342
-73385
90169
-8616
-93869
57874
-86729
-60323
13997
-29724
32064
-60712
-79942
96694
-4470
-1811
-68651
9685
-70614
-35573
-8069
-74385
13837
16579
10250
26648
30135
-49639
70601
16753
-41890
64231
-63658
44940
-15163
-2142
-98397
-34605
22934
-898
-81883
97361
18105
36843
29013
-776
-63111
93243
-52640
46321
97833
-23375
-98793
68050
-91051
84387
-22373
-40473
75730
-56
-99017
-88685
1236
-42805
-29109
30388
99570
-75062
-88801
25081
-24976
-48025
99561
18701
57669
-46012
-25011
-2754
35036
-48472
22234
33608
9735
5115
-72765
14090
65176
7974
-15190
-87488
18923
-67452
75315
-11106
53690
60304
-75570
-72608
-38723
-45387
-81349
-52794
-72683
-88803
-42184
-24973
89873
-8316
31793
-95325
-46506
60462
64389
-37092
11142
69167
35520
65097
-55230
52730
-20043
26980
27299
-93367
-11771
62718
-78485
-4827
-63100
10990
58256
-47264
-61614
89541
44758
-26261
15252
99758
31110
47562
64203
-44433
16587
-32089
21789
18388
19776
-74607
41895
-82071
54353
43614
-78853
39133
-25215
-50329
-28666
25532
-3161
-7374
-45105
13931
35970
-46475
35005
13145
31202
-28155
16355
36852
-73390
-69163
-1530
-64800
43394
-77931
71302
-11412
-10452
-54756
95193
80297
-15648
83690
-48863
-28367
37973
-82586
775
-52792
45119
1605
82055
67753
31275
-45008
63241
7088
17534
-68488
80349
29308
68074
-47363
2209
47283
11298
-7577
-25159
52791
76029
86053
68700
61106
-21762
33484
-50642
26755
26752
-13613
28771
55779
-54571
-96849
47271
-54581
20223
91328
10347
95256
-94752
-27782
65704
-93487
-88418
-77146
34709
44807
-40940
16670
33099
-70095
-69258
-27461
-77948
754
70132
-35541
-27255
82480
6593
-99458
44901
-59239
67392
83482
-36470
-61723
70692
55461
6575
21
79517
-36246
27530
-93259
-10721
15320
-93367
-11879
-4905
42884
6394
43301
82283
34568
-28063
76198
93724
-28337
99293
96193
81390
-73475
-15028
-8803
37750
10060
92982
-91852
-53974
60101
70980
81932
80348
-53669
91245
-7138
28278
55708
53203
-26149
97227
94674
-81300
-91454
79554
18240
-56893
72130
-86704
-12050
-48875
-75224
15835
6755
-67974
-38645
-5501
35595
-37307
5503
26512
-33577
7381
3071
-62945
-24546
37295
-60686
59030
-76403
25943
56989
17188
94679
68628
9658
-8684
-22221
68668
91843
-99213
-60218
-30338
21088
88444
-94748
-34655
-53113
-56784
92963
-3461
96030
-3994
79031
26042
-2201
1347
-38807
54496
51340
-96849
81750
-5436
99642
-23765
-63051
-5691
35288
-58338
88250
2154
12455
-808
-85944
-90479
-32362
57372
13848
14991
13994
-12587
-381
78014
-22829
-83108
93813
74335
93557
94067
-29032
-23435
-81222
-60434
23401
11127
-23971
-27143
58837
-1389
46219
-72232
-14047
-84098
-65988
77250
-10199
6894
35036
-78736
83186
-42398
-28391
25805
-19578
-68616
84942
-76475
-34494
-65629
-27420
-77196
-96013
53377
28541
86025
97071
76500
-59856
-58092
-6905
76892
-99339
85860
13210
12211
25730
-98495
1965
-49750
-60089
-81390
-59986
-53761
-86230
-25553
45249
72364
-57786
52147
-60566
-66327
-99013
35939
-76176
4875
-77228
-17088
-43832
23969
62662
41579
79397
-98448
-74001
-94672
12688
-24595
-66878
56621
-14413
-58507
-60340
-40715
23169
68782
-24159
29691
3096
-2680
-98006
13557
61630
63766
2988
-66603
74096
-74276
27455
-1107
61610
-47329
69419
89036
-74905
-52372
11000
24161
-59532
95923
13345
-4141
-3731
-6278
-73282
67946
13501
46503
41259
40555
-16791
-13550
85406
-61285
83803
-38788
-30682
-49950
50709
-65687
-98005
48145
11912
-13645
-33244
-91374
98416
-46762
56971
-37622
34093
35950
-77598
73922
-45755
15391
-69147
7919
-84704
36694
-81772
-84568
80112
-93371
81971
98961
93594
74540
-10284
25963
-10872
-59526
56706
97906
14713
95469
82723
-99545
-48486
-28824
-44794
29818
72995
21080
63675
-67998
85064
-4666
-51023
91060
52075
-47684
-6032
-30561
42277
-54270
21617
-78885
19711
-87223
31349
-74423
-16987
69149
-7826
-37899
-25224
-97639
95819
50309
18708
46102
74084
-53974
33069
95941
-99339
94393
-70961
58813
-63462
22981
-492
-63978
-53212
85559
61969
-58817
-52416
-20818
-8850
-44433
68296
-1979
-51675
4120
-91567
92262
9057
-48585
6537
-91691
-17487
99262
95835
-90236
47579
19291
45987
33819
55081
44337
-19342
15223
7087
-12372
38158
-64002
-65560
13865
33863
-19619
15760
-34261
13597
85772
-21261
-17935
-92876
77236
63073
-83531
38035
17275
-14013
-26112
85554
96062
-68001
23694
32198
54824
58602
54971
-92765
-46693
-15665
79005
77109
49299
96947
84586
-47180
-4987
-4785
-69964
-70090
31793
19507
-22161
89709
-97917
17836
82118
-91138
-83867
54902
71027
37119
22274
-90017
-95345
-13836
-72309
-46390
-31401
72592
-83585
-96097
29127
-71219
95250
-11278
-21434
30339
-2447
71278
84310
43826
81461
-28918
16997
-14603
-11838
-85449
27353
34825
37888
-36419
-70930
-24872
82448
57989
56700
71092
-19757
-74117
-74085
-66598
-38819
-92388
-95414
22979
-98464
89152
28838
53671
-37277
-73726
90710
-26410
-44592
16212
17474
-9388
-99694
-57533
88551
83572
-15948
-10716
22202
21088
42239
78920
88502
3796
95557
62922
-30720
14107
-24011
-84039
15652
82697
95685
25684
-92402
-41816
21406
82422
-65901
89603
-2384
-53580
18132
-54276
85339
94874
-6202
16563
-20410
-10008
10671
51715
65704
-59775
-17713
52309
-58282
-35258
-29772
46313
47504
-95080
61937
-54856
-62598
34960
-39751
85769
15987
36484
75208
34705
65602
49202
33860
50791
17347
64704
54776
-63462
-343
3803
39811
-98582
27336
43888
-55851
69376
-84977
-57357
-41579
37066
-83923
65609
-86932
65674
27310
-82145
-86572
-26744
-65322
71811
82637
38167
-66682
-58667
-71618
-15077
-84740
-5014
-50041
-37530
81566
13654
66828
-69363
29434
-13698
-98756
23958
23595
51027
65917
-91934
60741
-8534
-36990
79381
75080
13478
52152
39435
-72765
-70027
-52311
-70599
78523
58380
-14300
-19253
29157
-89621
60738
76370
86576
61628
-13258
-62818
30997
69345
80214
-9837
-94768
-39604
22019
-91707
-6734
27247
28613
23441
-59262
-18418
78606
-78652
-17267
8360
58945
-66502
47718
68515
88858
-97455
-48442
-77566
-87790
-82586
19507
-59736
-50445
75789
2388
-9561
-41246
-73136
47185
72361
79395
-61427
15095
57068
-91976
-84066
21381
-84313
47144
34099
-25154
-5199
-53952
-68700
-52820
84952
33349
-75795
83513
-56097
-94672
86795
12743
-7182
7381
16587
29278
-36621
53788
-65952
-58491
98917
37178
-4119
80552
-60616
-66753
-8152
31805
22336
99091
-24233
97833
4994
52872
94851
-21171
-44393
42911
-57873
-96857
68143
-61044
-35199
70822
-44675
-68155
-26047
-88803
57139
-59866
-7787
-4210
-43059
-20187
38411
-10200
-48370
13965
57669
10683
25198
35885
-81893
1561
60061
-88558
-43627
5388
-69660
25334
18630
-21035
40978
53849
-10114
25442
48426
22693
-59296
91983
57224
81443
99188
34716
-34358
-49971
-68386
93594
-55430
44819
-54681
86157
7498
23841
-65629
87671
-75157
60494
37828
56213
-86163
-78424
-13044
31571
-47059
-1673
-31280
65981
-56830
73095
84332
-8217
87764
-10563
-92819
-78567
-53782
-81499
-33182
-84171
-63298
66370
15348
11359
65981
56084
-74183
17351
-44597
25942
-71558
50843
51410
71784
5609
87282
18000
-67523
-77478
34627
27294
-82803
-49318
51164
49988
-74287
-69886
-87370
76108
46786
-85065
-67132
44575
71612
93359
89604
-37189
-92388
-88445
4064
-34201
-51732
75276
16597
-87540
-87172
88818
-81785
50020
-70091
58848
19659
-64388
70734
-30109
2808
43872
-46014
-45675
-48308
-72578
32069
-82463
-78971
46177
25352
-32885
-25741
31713
-22526
53960
-2780
22684
75716
-32472
-55017
-4317
-66895
18774
82456
-31441
91728
59127
-94657
35655
91744
-54039
75843
19528
-50300
-21623
-37684
95777
63913
-60393
-54467
-53165
33627
-5395
58639
31293
-64859
-25567
-2074
-37485
35894
83967
-42328
43406
-58313
-22221
86960
97811
-7813
-71235
-66519
61538
20014
30405
20668
-52198
-40137
-17585
-45542
-17582
-16818
13046
22185
-18963
-34399
12893
58976
3472
-1196
-32755
58411
-43808
58976
-79795
46339
61224
-95341
57292
54750
77553
-75551
-55851
12066
-85114
96692
-43113
-66385
-82997
-41369
-17822
25953
-2063
61367
-42920
3408
17034
23265
-3737
-19945
81837
90251
99126
-89377
-42822
72464
82174
21513
18219
10597
-8147
9599
39791
63590
93036
39363
26358
-7290
80077
-11282
-18354
-13967
33681
22333
97020
68692
63590
27915
-75094
-6729
-18283
-36891
81418
70846
83882
-30845
49568
-65976
12307
-37060
-2060
15223
85108
41585
83810
64027
29681
13175
93233
-82620
46152
-41399
-55895
21092
88724
83683
-94833
75180
-67022
9381
-49980
44342
-17115
36723
-73933
10601
60299
45442
95991
-73497
-39360
-43877
24657
-70203
-79405
-17043
-32968
-58423
-24169
98966
-6270
67961
51818
-42767
-93271
44912
-98751
84279
72472
-82287
78229
95634
6537
67452
-79260
43752
99038
16748
-80883
5946
-1557
39998
25593
-60831
10670
83965
430
71811
83970
15292
-83748
-97902
42488
-16107
60840
78853
-72978
69432
-88381
-96893
-63405
-24636
50936
65376
71016
46638
-15231
15002
29235
-64407
40962
52359
26488
67649
28399
-22963
5423
-30865
83480
22461
45576
-30060
90316
-90467
-92129
-19626
-97948
68579
-85212
-84080
8041
-77285
77425
-16315
95575
81801
-20032
98387
-65531
94354
-72978
-41779
-43336
93708
-68440
70756
98089
62327
70242
43745
26667
52339
-4303
-70211
85864
-7279
14395
-4045
-75984
86381
6002
95130
-64844
-28825
10937
-10869
24628
-47094
-57266
-72870
-14163
22981
-65690
-59691
3982
64657
-27516
97404
2155
54620
-91562
82125
-48633
-82481
-43850
-41259
29059
-22570
-55405
-65496
-25704
50570
16998
-17707
-49805
-26112
-68174
-80176
12105
58079
36960
79561
-72150
-39552
-21836
-28873
-23612
-9642
4489
172
-87154
75660
-60068
-69110
96904
91603
-91477
-40348
-81634
-20398
2427
-46148
48533
-17723
-56167
62201
-35934
-77003
-93178
91506
88505
-95817
22229
7903
-103
-44747
28337
-76434
-76482
42239
-37277
-74768
-14476
33863
32858
-11046
-65552
-53289
39276
-81193
-32474
-64407
-279
-18652
-19926
-52542
-12350
-86983
92453
-83519
-34313
-73552
-44467
13931
-2222
9664
82732
45961
-54699
-85663
-95991
83004
92910
45147
9757
-90099
4062
-43021
-94626
94668
-54512
-1702
86260
81291
-679
-55275
72837
-39370
-9882
76808
79742
-86498
93406
-30810
-84344
-48432
12005
36122
-72197
46620
-2373
3553
-53666
-64088
-45773
25212
-71482
-60205
48699
-58387
99748
97157
20127
-21725
-21017
92060
-26699
544
84889
82404
89743
-89177
50352
65467
-16889
21145
42330
-47444
52719
3021
69379
-14560
-21365
88900
-19310
55839
20751
92770
-86163
945
64074
41090
-9
806
48244
-38705
-37463
-4266
-20350
51389
-69839
70211
79904
-9681
5067
-70536
-35843
96933
-63569
14053
-34953
-14874
58947
96676
14997
93856
-46975
91207
26700
-44229
-52641
-63641
96769
75179
26619
-75387
45074
-49336
-96949
42703
-15342
-48251
8638
-14391
-2281
-6928
-37950
33077
-51402
-23441
-38126
70080
54637
88505
45000
73006
-78749
-8018
-45110
-13484
-33421
76597
-39641
26081
69927
50365
68000
55680
-7200
-34124
6872
-9172
-30436
-71862
-67395
-68913
81546
2667
-58926
97725
15498
-79215
56195
-74068
31176
74528
-38839
-89855
26457
97064
81945
-47963
-53206
-1882
24491
-18835
-64217
3898
-96667
-38225
76347
-30070
40375
-26397
92149
-95414
21488
1627
27505
-71216
-30745
-75768
-3761
-72624
-87087
38251
-99458
-23915
-76466
16579
90929
-72785
-26726
87151
7631
-22432
-68959
-16789
17431
4138
-28989
19118
-77105
95751
-58115
3832
-34849
-87614
45750
27584
-9288
21717
81726
-79811
25765
45772
-66437
-60267
79799
-9485
45784
29312
31268
-4110
251
4338
38453
-52150
-62713
62335
59296
-70520
89199
-62902
5487
25281
1419
54776
69659
42649
62151
51023
26459
96901
34851
-48416
1694
60304
92678
84416
65433
-14391
-2489
-71970
16232
-36264
-85670
-36491
18004
18661
-54251
-52887
-71914
-76887
-43764
48116
-5395
-92140
6818
10202
21351
18413
76655
-48657
36099
12287
5778
40189
-14602
-67323
92730
34580
-29874
96947
-29939
97582
-86408
56163
7453
86527
57653
5234
-29594
84560
-44844
-38050
-98978
-4588
88215
-33556
-90410
-15101
-62181
-51630
-42236
24467
-10150
83844
-94241
-87718
92559
97139
-61138
85647
37876
32150
29841
-76964
4754
15658
-16069
41332
52954
30185
-22015
77423
76821
71901
-3661
-80022
13611
95627
91171
-3558
99153
60288
-74732
62847
-4496
2094
-23409
32694
52719
94950
-30554
8710
-23342
-32361
18189
-53951
-69210
-3425
70344
15283
504
53722
-15945
39982
12644
66618
80769
61977
6557
28531
-1509
-82686
21987
53547
-21017
90207
2764
65932
-33677
-54996
-96216
34619
-3285
89948
-44864
-66837
-75540
53039
7411
90138
15103
87346
-66537
59633
75660
-2379
97079
22522
43571
13942
73083
6098
58014
69785
-57845
-70131
1251
58837
22392
-84793
-24406
-15489
52065
35383
91843
-91228
91262
-24351
66338
-44692
72484
-67669
-88756
34273
-10540
-80747
-17674
83464
-98232
-4532
98339
-65438
-23363
-34457
-19357
-36678
26883
-48251
41323
-9667
-47069
-93945
1460
-91300
96557
41532
-20107
11753
31237
5370
99851
18077
-59739
47283
-95617
-80793
-48169
92630
42487
34941
-65879
39603
-47762
-85244
-13501
67042
-88552
64745
29307
-17251
40554
-78336
36022
-75816
84385
46265
-76577
95273
47006
63484
98112
96382
-72458
11312
17417
-60435
905
84088
-16089
9805
-5170
67668
21771
-91587
-55059
24694
13769
-18921
82540
-78912
-3200
-20703
-77782
28644
60981
73670
27112
26580
29924
11039
-39537
76472
18981
62209
-52999
-91799
-80214
1138
96747
-69318
26388
45435
-69671
11675
-44331
-41458
91448
-58580
-32958
-97571
41104
-7944
-31444
27948
5968
82069
73678
33685
-85438
-84815
-11229
-31915
-59798
-53556
39759
20969
-50165
25925
-28761
52841
90311
32806
-40112
-21721
-1402
78242
-46679
-26125
-52411
-46695
81930
24664
-49579
51252
-68654
94352
-71631
82712
67335
-644
30846
33808
13970
-59852
-64034
71961
35769
54975
81160
45720
61568
91173
-35448
44414
-73748
15732
25600
-95259
-40269
31350
-46662
-86276
-4637
-70156
20376
-70575
-23867
22546
-10556
46991
54304
1401
-94907
-47060
15252
-54585
-60441
33218
74762
10241
-64997
-25946
-45293
-81536
-14812
2093
-13032
-46018
-66659
-4881
-70496
96443
11410
50363
34568
-43079
-94356
-35722
5577
60191
-57246
5276
-76121
97406
-77828
-91976
-30070
40564
28258
63986
-36623
-89703
-57256
18637
-92874
58534
24410
9770
-35727
80993
-38006
26308
56369
38930
49048
68973
-42824
-60700
28585
98966
1867
-68606
24575
13985
-30745
-18244
-22389
-73385
22475
-84306
6581
58051
10660
42682
1445
-53636
35833
30636
-66462
43771
74519
-46189
-87127
-61829
-91583
-82176
-23734
-12171
4910
-74476
38680
-45303
50222
-51403
-55782
-9085
2953
-55739
-526
76210
79040
24399
21366
90786
10179
-64720
-23811
16792
31419
-41300
-73881
85848
60687
-75584
60752
-27713
38845
-34687
-82094
81888
-98574
72627
6745
84452
92660
-86337
20105
41638
-90449
-75827
-91791
-43619
-74068
40237
-71362
-70357
-10493
18102
55908
-57052
-83989
-65601
54848
-69867
-93600
20311
19262
54384
-54010
-19507
28576
34090
18948
-86049
80569
20419
-81801
44574
99688
-41678
-71285
16952
-39399
71091
-88540
-6840
81249
49781
86075
31943
-2218
66747
-32969
-96001
-71775
75217
-95523
63450
-9926
-63663
-47021
97266
-50984
-14934
-67452
-62839
58386
-5932
-17067
-2696
-62205
-53620
25430
66904
20171
75024
96631
-25946
6793
-19076
-18676
73049
-42839
-87588
-56770
-38754
52906
-65652
-26293
-80780
8002
-52998
25698
-4807
48400
-29438
49120
15971
25925
-87858
1079
96475
-13407
-56878
89524
-9995
-86815
-85439
-66383
77193
-58893
-84220
-10194
99461
29691
93706
61529
4985
-18386
52468
81822
76739
-64958
-38999
29957
21238
50969
-30163
-26965
-9608
4761
49536
97483
29695
-43622
-21525
-67684
-87274
76748
82536
89482
-38828
-3771
7837
-87610
-60657
-97513
-94243
92009
-37001
-44253
-56353
79517
-42804
13013
-46544
-1997
80800
93975
43133
10350
-56964
18414
58637
-892
24474
-36659
55201
7165
4447
70980
-55732
-5745
-30738
-83045
-53409
-18418
-78878
17747
99652
30929
-25721
59070
85743
7109
-19137
81833
-29967
32466
23061
-2864
65578
-15508
85043
-10102
93755
-81333
-87770
-59096
-5491
70763
-81390
-24084
-14097
-8832
-53597
76225
76192
24332
-75704
15419
29569
-36727
76605
-54455
-11460
55941
-15362
-15477
-94668
-59823
-67171
83746
30943
-66634
-40268
-29412
-82455
-46358
-85522
1472
2516
-63278
-30356
90744
1858
49091
-52769
25278
12090
-25299
-51674
-82370
-34514
61556
30877
40513
65132
57603
4338
-78375
69419
30326
20479
2094
-87496
-62866
30746
35769
2985
99179
95702
68532
-11844
-30023
-91984
19243
96407
33473
-91385
93706
-83186
-30259
-69853
-33611
96503
31800
-83316
79379
66868
38194
-73682
23676
-58114
-93019
75789
27270
-70918
59173
8023
-31951
-78885
93835
-18287
9843
-67575
-56309
28870
45164
22093
-99322
80811
96191
93027
57819
77566
-9417
95209
-3835
-30877
-73954
-17329
83637
46572
4187
63261
-81914
-3615
-12304
-1172
-66175
-42053
-97285
-28132
-12818
-43696
91172
-39573
-12269
-60021
-88896
97467
37103
-29113
-43021
81320
-3703
75758
-15589
63386
71991
2712
3022
-76092
-13890
-43427
48978
-10328
94878
-70681
74816
30127
26042
-66956
-30146
-24375
-11840
33128
-6358
63766
-59731
74371
66385
-33841
-59614
-74485
-53086
53440
11985
-71844
-46662
-11952
11601
48307
17147
69500
66107
99732
91453
2660
34661
58041
43699
-70636
58879
90596
52141
-48238
-80368
-52988
-96560
83513
-52894
22262
-7822
48769
50365
-19578
-98479
62026
4985
72037
-35534
32911
-28508
-78704
-75524
-80286
-6703
-22568
-22306
-31820
77290
63876
-587
-80254
1759
69961
-25937
73955
81721
-93213
83047
78504
-11844
81532
-87086
-75692
23577
-45455
97833
62499
18468
32806
70420
-4596
-30844
69367
-34557
-97511
-23016
17318
36953
-31122
66120
-2017
-55016
68957
-20140
-83650
34332
-30718
68291
-47130
79399
17641
-93947
18752
24430
29978
44065
-44258
165
-91785
-57750
41586
-805
-56623
70771
54540
40023
-36600
1163
99774
86152
-96884
-37921
-35740
23141
36440
-44521
-62543
-37330
55825
-48518
-78530
15794
-71362
-55632
5228
98771
-59892
-40113
50471
67427
-97043
44656
55229
98416
40220
30127
-6278
51170
16600
-72321
-46757
54425
84651
-22265
73351
47557
-34168
-58909
-57894
-63926
-24872
21824
-22518
-61643
23420
3782
32036
-23170
97812
-70175
77440
-24643
34087
-96282
53256
13
88891
-20492
-1197
-35699
28660
-45877
-53952
6327
-48446
30760
45434
18923
74166
-35940
-37756
-83650
58336
-43411
95911
27606
-67723
-73874
-82947
-89544
-16942
-52289
-87499
92551
86537
10783
24380
-22623
88626
87257
84948
57445
48937
-47439
-36931
-41560
74280
-46235
-7290
-64527
-99072
-45840
-39781
-3734
-83360
-82665
-18374
-78266
77278
59141
-6118
9939
-77211
74571
47391
-23070
-36428
75152
72522
-4331
-64269
-20276
34806
87684
95965
-72579
-27339
95206
69500
-12632
-85468
8679
-46363
57592
15236
89104
-24932
-70230
-54693
-50403
44079
18710
-44477
-45400
-4398
-97571
74358
72490
91768
-81585
20375
-91513
-28761
-93961
71077
-91384
45491
51239
-83291
15614
-63018
-61356
54361
82059
-69983
-16711
14713
-55768
-63353
16445
-51539
-99931
2472
-1544
70696
13646
-86256
45209
85207
38827
-31929
-90184
52852
60149
58061
49694
-48875
15000
22440
-60894
94248
28343
-37399
59904
-10716
45619
-70226
-42872
-84783
-21725
23756
22081
-70626
-84067
-31339
-6663
88648
54189
-90183
-38630
9234
65541
88930
46908
93909
73076
45728
-11447
23784
-73952
28636
-26840
-15151
95074
52598
88965
33314
-88082
57388
44484
-3123
-29886
-51498
-36539
83550
-42132
-22496
-59360
-87941
19639
21646
-83705
-4274
26996
-60658
-66338
60538
-41182
-75050
-10018
-27468
69480
73431
-2250
-17934
79169
-37308
6160
22819
49742
53083
-377
-51923
83344
-66531
-6680
31568
9805
47244
-61982
-96722
-37696
-42787
-1601
-65961
19079
-92619
-68921
-58806
12792
-59127
5775
-90325
-40526
22588
-16719
-24785
-11518
25430
-16891
8914
9264
-44265
1609
75568
-32514
-36884
-35136
-79274
85867
-42328
46371
-62074
98378
-38265
-80520
18376
-49828
-92025
-49304
28445
-22476
95941
-11156
-7574
-26463
43908
-54400
16817
9977
27376
81305
46925
71079
14009
69452
7321
86143
65149
8797
85330
69486
64231
38697
-34990
-5257
-97118
58465
-57534
-53155
25206
96676
25778
72156
89436
-83786
-80924
15096
82138
83051
-65293
-39780
86133
-97112
11518
87683
25145
68638
54032
-54400
-24910
-18420
77032
-62472
-68924
99846
96942
94639
-28763
67783
-81083
-13299
-51923
97161
-33500
13410
-47417
21092
65858
88642
-46857
-4090
-89473
82484
38259
-39740
78792
-22546
-94672
-32543
-3128
-96290
-90852
25902
77600
-64403
-74381
-16881
-84641
-43737
20061
-72948
40209
-45472
6909
-4940
93388
-98689
89696
58461
-62787
-45865
-32291
45663
41638
-9333
-48735
10569
39564
66763
61430
-1717
49105
21835
-99202
-42659
78275
8023
-73778
-117
-75270
-64851
-90822
4428
32418
-73266
-85542
-56975
55819
-2384
-7874
-50058
96954
79451
1952
-16834
-92333
-95424
26691
-72524
-29389
51215
61729
85148
84059
-50511
-99267
45190
-81137
69659
-67452
27203
-88377
-62820
-49913
49556
-66253
-71490
-65135
13218
-14412
-59695
29102
83154
-34947
-39450
-24661
-15686
-77659
-93971
84366
-55833
76340
9810
-56197
72217
-87059
61550
-93984
1955
84362
-7898
-47397
-24044
39705
-97161
-21606
59449
-50225
59141
-24868
-70499
-17871
14663
22260
-57054
59295
-68202
-39280
-28548
27224
74772
-19404
35998
-81390
-13391
15452
49872
-7534
-61531
29823
93975
-96750
-76407
15297
-7374
-27934
-60700
-24583
44215
-9481
-64154
-76498
54054
71743
-99509
26868
36595
-5808
23210
-4751
81595
-27505
30816
-74780
-14576
73305
65020
-23457
74579
-89072
20676
25827
-92232
-29915
14747
61174
5909
-92807
31646
32478
-82928
-5796
-95027
78128
-67681
-71802
7395
77268
8800
95057
-60551
-57655
-97285
-28945
55042
-57261
90963
78771
-79954
-11481
21952
50832
85812
92090
-37290
4672
28613
37514
23483
-54457
96597
-16787
29837
-5145
-92957
31549
36477
41246
68132
77014
-58692
-85431
-3661
93835
-49300
-26482
36072
-7597
55953
17231
-57023
97278
87001
75830
48018
-88382
-86754
77709
24209
95682
15606
86911
-71036
91563
38846
-1099
5404
91598
14256
47192
-51839
-82452
-65974
-2743
22680
-63179
-50146
37784
-89355
50292
16840
-39164
-74698
57224
72633
20281
-15443
-38030
-11494
-2369
3232
26964
-64036
28148
-23747
46951
60752
68692
28837
-29933
-58482
-19105
-80974
-29460
36894
-87873
1540
-68757
26210
-24985
32255
-23126
-67923
80214
-53097
-1916
-58781
-97201
58944
-94173
47905
-4158
83826
96676
2327
52047
94608
-27613
79757
52218
5976
-2864
-46773
-41065
-62870
89118
-46866
-70034
-28488
-57426
65637
2119
-49289
53673
60304
23251
-9336
56646
-76488
-49320
-44788
40323
52068
-43251
-65483
22562
17356
-10089
43937
19519
45099
14427
-33265
28516
-28901
-97020
27860
-76936
11984
-71261
19776
-28628
81075
-57126
26259
-80752
13550
-16856
87881
-38236
28987
28996
-30926
9075
40723
12470
94022
-90549
-35181
9604
77897
18935
41741
66006
65197
49618
98380
97047
-97548
-49255
-9471
-7016
64437
54970
27292
-13447
64102
-88331
5601
36952
40434
51384
13269
52510
73139
-37663
91323
-33274
59750
29841
50962
84098
-37266
-51841
-10846
69444
74112
-75425
78947
36894
-78206
-27001
-46745
44902
-48001
-58489
-66962
79111
-60532
-87683
38507
-92110
15614
1975
-94981
-90429
-47058
-70706
53596
98544
34479
84355
28055
-84295
28492
42191
21113
82286
1666
-84767
33310
48533
-70417
-52199
63760
38300
-83321
-38007
84385
23296
-71793
88662
46638
89474
-17761
17735
-53261
73675
-3907
41594
5276
-10137
-10105
-56194
78014
42763
-45303
14204
-1685
-54823
73431
14794
-21136
-40130
56536
-23929
65247
18218
77548
-85407
-51501
23796
83972
-51444
-13946
-20959
-54525
-88700
77694
17872
-70442
-89442
-91871
27605
51586
57256
-98256
-97967
-64731
-46927
-32693
80634
-20593
22650
-9790
-71482
80855
-16086
81605
61803
56700
-64913
20020
38990
-79744
-71612
-64248
-83143
87275
20944
-65449
-54710
28536
48424
99456
-99990
88639
68803
-58992
-12626
-40113
42802
-77686
96507
51460
43151
92630
64764
34253
64627
-43753
96382
11306
-2669
-19310
19283
-179
15252
38644
28254
55018
41379
-69323
-32935
18288
84822
94238
-36834
64888
-91691
50935
-78029
-24143
-66709
62012
-73881
93582
-23409
99703
95286
-97135
-61396
31829
-75690
87228
-51208
69685
-10452
-92157
-77527
73415
-69185
-54367
77874
-47121
-46112
-49434
48255
54962
-38958
70623
68577
45523
-97016
70906
-53986
-27842
63587
-6878
34766
-93703
24634
-10464
72243
-39131
-79762
80720
75217
96760
-83595
-1150
68364
3595
14177
-98879
-2714
619
-72960
74699
-64998
56959
53348
99831
-41579
28237
-58642
-64034
46503
-80257
-65569
-8089
27387
50531
-95520
-20848
-97006
-24248
-98640
-19201
32376
-90539
32449
85279
7361
11601
-62898
10383
90197
-62726
53233
74571
23452
62120
-28660
38692
-56544
-48622
16978
-95781
-60116
-24202
-43044
21257
57351
-74922
-44032
-38650
67452
1355
-75190
-66685
7126
-37557
78710
57033
25501
-40119
31202
-89882
68785
70650
-9677
37621
40752
-91405
31729
-74768
3787
-86401
-320
68567
19131
23438
14234
-87815
-78396
54563
50312
-56667
34859
-21309
68220
-70899
-93320
-93136
-53150
-25426
-39740
30
87885
79642
21760
86502
64066
24201
-3865
-86458
-54846
81742
2627
-65387
43218
78187
-90125
-562
-28819
99036
-29940
-43601
-59033
39827
-62622
-95231
-73759
-64933
61096
-17908
54615
49909
34945
68567
19677
-63780
25794
-72333
-70607
85949
87017
-5394
-24587
6430
-43021
-15944
-44271
-8584
48184
98223
79689
-98903
-81212
-58463
-26127
-17497
9040
-89543
59918
-89018
-76448
-92120
5966
-36417
-40704
-58103
-67685
-59924
66597
82241
95226
99688
95853
39648
53018
-73282
-79450
2641
85641
99581
-99213
33039
-51958
17225
38767
-93232
32774
76505
62939
-10872
-1806
11686
-45758
-46008
-65961
19472
-36623
16717
85756
-36316
-908
71831
58086
49183
62947
23241
-53967
97591
61627
97240
32400
-92799
-27976
40555
-68651
-60782
2688
-84932
-91926
29759
-54314
-49918
-16665
29297
70498
28691
57846
-7650
-7534
52653
73982
43875
-35238
-65476
63004
68502
-20775
-25891
-60188
21372
4736
-42391
71077
98892
25573
-78389
45571
76765
-68299
83972
34151
74332
-58841
49130
47727
4873
-70203
81889
-53055
67538
25324
96115
-78027
4089
30211
-46670
37463
-4229
95762
81971
93516
66427
-13889
-95619
24380
94874
30812
-67215
-44173
-22474
-69807
53651
-19706
84549
-87463
-80025
22537
-41529
68329
-77495
79757
-83068
-27035
29100
88117
28923
-83544
-30421
-11712
-65001
48573
25706
-3756
23357
70408
33329
-67473
-24000
-5722
66475
-76131
-49792
23532
-99154
-57647
20371
-33768
-50880
89559
80252
-98479
46150
72997
85438
-15587
-88515
88824
48653
-3100
7707
-60655
89951
2407
24628
68855
14602
-15299
-89744
-27888
-65453
61598
-6395
37679
-97726
66608
-69879
2006
75332
-57661
-59547
-17945
47967
-39580
-32894
48967
-24586
-78854
61077
78341
97602
3320
-94768
52730
-26361
61126
24222
46795
-15006
9042
-40112
29138
9234
28892
-38930
85079
8321
-37292
26424
-73268
-49403
-91140
-35727
-80746
84564
-66499
-50137
-23252
63490
17603
19809
-1877
-4564
-75945
50054
59441
-1696
95861
-45827
99265
72810
-5978
334
26752
92763
7486
73338
-41679
37411
58714
93944
11479
98048
930
-89289
-88479
15065
-43130
4751
35872
11258
15640
-52703
-97960
21388
10505
-40971
96041
-40521
-42391
23694
1986
13904
30677
-34161
73076
39734
14049
-12036
62977
-84271
-22674
39581
-55254
-82472
1074
-82245
-91175
49130
32692
76765
-75199
-81356
27454
21912
99103
36784
-15426
-59797
-4214
6660
-83608
77585
-35663
-81825
10299
53837
5775
1012
11487
-4579
-93367
56070
99397
-13129
21403
-52647
67638
35522
-41036
11830
-11528
885
98534
-20869
-71928
99541
-72397
72269
40391
97001
82516
-96996
-31981
83599
79730
-20486
-29102
-57134
86605
51510
-44569
12395
-17388
-46910
54697
-37858
-87499
-87610
-15342
1243
-41699
-23342
-21173
95167
33475
78337
-19312
2107
-40378
-44346
-45850
-65601
-42282
-27952
24700
37201
-27945
25934
33202
-41452
-28367
70420
85188
-87669
-866
-38622
-26952
-70326
49500
-96430
-55738
-89408
-44665
-87578
-9396
-3447
-29410
40964
81017
-99767
71612
-44869
8530
28
57546
-48467
-83335
-90575
89363
-69886
48030
-4622
210
-96839
77526
-26392
58735
57603
-26027
72341
81951
-9540
-34526
-54067
-3036
-12813
15574
-16846
10947
-38256
-82310
-88129
12805
48921
40120
13237
76403
-67452
-31482
-72929
-48502
-94896
-71796
-72584
-46594
-13761
-12299
11002
53948
-24013
77954
-51736
65407
-41875
15209
-13405
21601
16757
-37039
25963
96650
-18418
-49691
61233
-77598
79931
-17115
-13814
-77084
53786
-68202
82699
40275
-48833
-64726
-86589
66077
29147
-41552
25485
-81955
-82411
94878
-27616
-10340
93010
39695
10555
79304
22952
44133
-95114
1307
-11772
-64844
30512
4187
-60703
28635
75234
-92190
-18866
65061
75134
-53134
21660
-19626
19347
-71800
23963
-72932
13837
-19041
22985
44477
-40996
53027
91738
29449
49551
19612
-55749
26883
-10404
27404
83572
63273
19780
-48791
10282
-4555
40824
-15830
4957
-72931
-91035
17377
9735
-47827
72389
-23107
79285
-41018
91463
-61307
-40130
98429
42487
53715
-80438
-19330
-31257
-46784
-63724
-88766
41431
42349
19516
32042
-26881
-16827
43995
46869
90907
31113
-29895
25135
-61656
-41482
85786
92480
-35934
-57825
28723
73465
-51134
-54188
-29522
64030
36913
6893
26687
-97497
27388
44387
24149
85550
-14622
-97593
-61529
-80470
6274
81443
-76893
-82662
41298
93560
-30065
28161
-30401
-38606
-26777
-12082
78862
-57332
98430
82354
34065
-59366
-42297
37367
-6831
17288
67056
-76092
69141
-55850
-79634
93813
76198
87488
-4745
198
-80166
-64887
72321
61537
6887
-34278
-70790
60681
76939
40834
1638
-43301
-51344
42277
40702
33804
-19602
-15850
84722
-4798
-2842
47326
-4752
-88839
-93673
54158
51520
68318
-22107
-22801
21409
66201
-22901
24917
38300
-45068
-47773
-15418
40561
8588
-55843
99402
57465
-54759
-61887
42044
-3176
-60779
87025
25203
-9820
-2283
7480
69673
68577
44066
94684
-37463
-56763
-12999
-1666
-66087
-15853
-16734
20826
-19508
-85014
34254
-28367
-4202
-90572
66574
-43161
89184
18558
-42083
73956
40295
90767
64596
63760
76024
46083
-41512
7064
-48860
-97513
61556
-26397
29510
49507
94830
-3510
92704
85626
91704
-84632
-66796
-57126
83866
36285
29739
-63981
26313
-24143
16555
-30613
-46644
-54917
-70091
13508
30822
8483
56310
-82784
-62823
93634
-24012
-58338
84133
-23746
-203
89497
45202
50684
34709
-74423
-60188
37345
38573
-7915
37574
-69540
66932
-81305
5300
-85681
85904
-15685
-37935
4761
-49781
43677
72213
31010
-6457
-30829
-97286
17688
61550
95819
47905
-76315
-97017
73244
-41280
40046
-95899
32163
43611
-44727
-94033
-4275
-13689
76991
40938
-67722
-61868
-51196
-24084
-92472
96544
-95887
-11732
-48342
31783
-19006
-47340
-68712
-9337
76551
87672
59750
-81193
41005
63859
40376
-61871
-70532
63249
-51533
5903
90377
68295
99985
-18419
84355
-71032
-79473
-7174
-27154
-57116
-82706
41729
-27139
-94275
84387
-50167
59222
89843
75972
81251
20618
-4670
99603
26516
-97629
-47518
19125
17926
-57528
67538
35718
68106
71302
-22405
19849
-82203
-76181
-59366
-98756
-12152
21637
-4242
-98729
-10301
-58786
-47394
-85010
80055
-56291
13295
15812
-98266
-94480
25594
80297
80087
28328
-94454
83019
-4404
81418
-11348
-38989
-51841
25261
-38625
84362
-73887
-5691
-20695
-96750
86818
-35476
68288
-79021
-60891
-26906
-76887
-5052
-42813
59837
79149
71339
-69400
87934
-51539
-19343
-82583
97662
79841
-73648
47331
-69879
71245
-42906
-56560
-90210
43233
50279
72808
84680
18422
30558
19854
299
-31363
12734
-17871
-58541
-67445
13454
-80187
82050
68595
-64648
67538
-10306
-12165
12997
69555
-65285
18661
-78885
23583
-2301
32231
-70203
-98169
-6953
-28874
-38941
-7413
68408
88724
-58391
-53718
12346
22387
-54052
82657
40894
65660
90038
18062
-48886
15411
-72608
35606
37106
51027
-76677
-61686
-70804
62730
24423
-13183
81107
-12806
-90812
73938
-36313
-26911
20475
-58385
97534
47221
9252
-77365
15844
14008
84447
-14555
98655
-27976
24123
31925
-945
-93902
11727
74587
-24480
-62124
-49830
80338
11261
-75881
21622
-96378
-23316
17258
-76149
33146
-48735
-45558
6024
33790
14099
41608
20998
17526
-26431
-70359
7342
54537
-17009
95526
70458
-56197
643
72039
8958
8928
-62810
-44079
76048
10784
-6656
41876
33108
6788
33963
30621
96025
26231
-17749
31349
-85384
-1995
-24655
-4185
27423
-86069
-92345
24227
97107
86365
-53118
95255
55012
83672
41965
5371
46069
4796
37513
47701
-86978
60422
-37663
61899
-78921
25128
-44196
74782
-71678
15583
-77718
82745
65111
37880
-91790
40135
10461
75660
255
50279
33081
33129
8506
-22185
-38697
-54824
-63299
-83039
-6092
-83945
89220
-83899
-59036
35089
-9715
93706
5609
-23107
62963
1488
-22623
-45556
-94163
702
-88487
22973
81903
73324
-5946
76808
-30554
-48385
-15959
-27425
63896
-17670
-51358
5527
-98886
-23894
-7980
9463
23725
73651
19657
57758
88479
65425
-28785
89743
-84549
-58786
-61284
-79499
74083
-41661
74579
-36056
61910
66682
34716
-13890
-74819
66164
-30763
-8696
-5001
94465
54050
-25902
56055
62114
-5572
29062
-95490
9894
66618
-50297
85325
53569
95000
-87728
91314
27042
-90807
-42762
2143
-36528
39511
-21827
-42991
33536
-28391
93722
-85054
83481
-17714
51213
-25946
45918
-9789
-24044
53626
7987
-34040
-69758
16855
37179
-98963
19540
33274
80935
28838
86243
-55139
-19995
-73748
-95753
-21434
38719
-79000
35309
-26338
-19566
47906
-788
-82719
38657
18488
81214
38351
42760
62865
97904
2253
-19431
44877
8405
-62487
76007
44643
-8374
-57045
68987
61897
61104
-40940
97510
-47214
96022
21135
-96714
-1982
-38343
-99325
-91375
10920
7097
-17141
-44242
-91351
33947
12102
-98543
46007
38074
-73985
34183
22259
-35240
52429
-71465
38070
-8127
99142
4042
-17128
28840
70132
24623
-60644
-6863
9252
56275
-88152
20011
-49801
-5920
-20480
3345
78148
56070
-87398
32349
-83595
-7925
-63433
-8029
-66073
-35705
-88153
36894
-87803
-48385
60031
15768
-44201
66274
-85005
63770
-44872
72027
12133
-9816
23841
7575
-63228
-56926
-1047
-71181
40571
-73453
-11556
-37277
51532
70653
-25357
92442
-4370
78756
38399
-24910
48749
-29034
-50809
70303
36938
-9952
24611
-32537
61774
-60980
-54287
-26166
62923
4372
-21747
47223
59882
-71946
-32277
54759
12191
43523
-18794
-88200
-34655
-60618
-79400
46970
-16729
-15643
-75477
91205
-68413
64633
16089
-67179
-82159
-47029
58664
-72623
48603
43034
-42302
-84313
-71258
-88918
-49699
79304
-19104
28533
-16194
73866
27712
1191
78804
-96732
15971
-54489
-14812
22381
38208
-41053
35950
-33324
49101
-87626
-23867
46239
-73920
70248
-12197
2076
-1015
-90348
71907
-77235
-12723
67061
-59178
-77205
528
8326
56091
34241
67798
-83982
38056
37265
94192
-70295
89639
-96949
191
-21455
21141
-24940
-63260
-72448
62114
89664
93212
-43600
-11482
-45071
70733
98998
-68394
-78762
-82287
-95182
26517
54471
-42703
78579
-97062
-54372
82512
-79457
31696
-30375
-14826
88456
-85020
-24587
63141
-19187
35845
7516
28524
-81157
94851
-54448
-2140
-5512
-62902
-5462
75596
-50256
71992
84113
-45080
-6171
27777
44748
-75628
-59547
-67164
-79499
4434
22935
-53255
-56955
-43126
-84868
82780
27375
39659
-13744
-69691
-94218
11779
85756
13390
50706
-36647
36052
-97755
-85014
38380
14847
-92342
-61038
46917
-45235
89677
91121
-78059
8993
-85249
-56458
-25143
42442
-45937
27299
58035
25787
-2355
-50299
71724
48596
53644
-91898
48181
-16797
-21136
52247
-11308
37216
85319
19193
9055
-92885
2560
48320
15131
-5406
53321
63926
88095
84613
-41727
-6297
-89327
52959
-57268
-99479
-96732
-88750
27874
-9282
71502
-23853
-1274
83428
7232
64719
-44820
83954
58837
-46176
-18281
32165
18753
73704
24882
39426
-81247
17790
-19458
36694
-47053
-46431
-33803
61701
-14976
-3438
-5394
-37736
13973
92151
58828
-71631
63727
-382
-54295
69376
-65024
-55474
-93449
60773
75279
75988
-72016
-69499
-13501
-66869
-89442
-24215
68349
-85103
2635
-50537
-7898
7321
27845
32472
50255
-69499
-84110
-59468
19975
74183
18253
-61191
10325
-24480
-97455
56682
-87034
96265
-14684
-74979
74534
46355
34787
1627
-73799
-80778
-63917
76776
21924
-67773
-7953
-57647
91815
-20283
51252
-1172
43512
-56955
36193
-12554
35306
-35810
-16474
-47021
78644
45728
-25915
88850
20374
-83967
76093
61786
5270
-26454
-47496
95596
91104
-18619
-51933
-78152
-21889
-26781
81426
75447
65258
49247
-45115
-77809
88597
-96896
96432
-37771
79208
-34132
-95918
-56734
83253
78275
93747
95665
82957
-74850
70183
-59903
-11766
56587
73571
52221
-677
-38130
-11474
10246
-39323
-38439
-1845
-25991
47912
-26696
33837
29501
-28711
7498
82090
55280
-70653
58380
-273
61548
95575
-16856
20358
-12276
-37194
-85389
-59992
-47829
-43217
-82934
33386
50752
18370
68115
84090
-49642
-28083
12124
80149
-41083
21771
-3070
-52406
50381
49826
16913
46353
-42922
-32392
-22374
81655
-84046
-67849
41417
-6934
-4951
67507
84514
-2478
-6270
-98381
19141
35244
-65127
-96265
20472
-82997
65585
45987
-94092
-41018
41588
12883
-22183
35311
92730
-7476
14984
38901
37140
92428
-18972
-27111
-73639
15169
-37261
74596
5039
89238
-74678
-37674
-86253
-41961
-10344
-59784
15816
57823
95402
65151
69525
56114
-76630
-81113
-59614
24677
-89674
-59797
-87540
-46793
-36805
-55125
-80500
69506
-94859
-82552
81392
34377
65171
98723
124
11471
-48943
-51453
7678
-60393
47417
26950
-70952
-5298
89837
-74995
-38811
-28907
59285
-22044
-12694
548
-95630
-14762
24236
-14853
-9339
-74905
27043
77385
88552
-16104
82069
-30340
51817
65438
29867
2796
-90225
-381
43671
453
10683
54859
-40759
-18975
-43024
93636
-56702
-8886
-32901
-52558
-14753
96557
77304
-44419
-18951
-52656
-32701
1746
39759
-18453
41523
80172
-40160
97683
-58962
-20411
-44652
-41903
30844
-33279
80534
43693
75442
63538
-79308
-23371
-16789
-25090
-96896
66535
-45340
-48605
20686
-53204
-52588
-19879
-19474
-52304
30787
47204
37573
-5055
-35490
11970
60318
-55159
60487
-49990
23773
-45360
-69309
52042
82768
-48358
-82096
90105
85549
98677
-6992
-1054
-78380
-13384
-55748
-76178
-92329
-82651
61635
-94067
-14842
-58926
90027
-53628
55748
-69645
-63199
-88445
65732
-46402
63896
-17755
-75701
-21324
32371
50999
38394
-56270
83707
19126
-74990
-71846
-74768
24526
-21647
67393
42426
-50594
67282
-29669
97543
-90304
-44630
83453
22747
84313
48839
60027
-6322
-16076
-35406
-86483
42863
81337
96679
63876
-96478
-4564
-10774
-31377
-62525
2427
-92435
-87149
-11401
-13501
45947
48703
40741
87117
-38690
-39102
-29686
55204
73319
48729
-84187
68612
20111
49085
-14798
-34773
12663
-88839
37090
-22189
-37585
-78886
-3447
16872
95349
18348
14643
64015
16753
-37020
-7016
-39816
53722
-73316
20127
9707
12935
-76950
27889
-54112
71490
8629
-31305
62788
-17803
38809
-60808
86380
37282
13736
-81252
-28592
49384
65619
39951
-25675
14789
67117
32703
76875
-64296
-54882
-67383
-51213
-91300
94352
-59526
55417
-49837
-28435
31295
87529
9770
-14173
-36739
-67948
28155
95589
-22108
-56857
37845
-48541
46026
-13501
-36264
-77480
10522
44230
-68120
-32143
-15643
-17923
-29164
-14622
-12992
83001
-2758
52068
-89771
-62401
-17019
70311
-11382
58491
70968
-41669
-11879
38889
47394
-54222
-65644
-17767
-51610
84162
-79453
-39831
67668
15463
49581
47575
-95743
80439
74378
-42016
-43347
-91026
61488
-1009
-62271
-61192
-63470
-23734
12792
23984
-18750
58203
-89442
66254
-12899
89737
-12088
-3072
-72459
-68757
58103
76627
-58736
-70812
36468
33610
-97986
15728
-28848
67783
-24563
-58610
23740
-46176
74711
-74678
-93697
91215
-80556
-40808
97809
-14408
-24280
51424
-72427
64877
25834
57356
8841
-56517
-75999
50280
58888
98312
55322
-28818
8064
71912
-98962
-37330
76529
53348
17034
22252
62787
-41545
-90276
10618
-22225
-54489
35450
17517
-74097
92480
41350
-4807
-40751
-65965
-7021
-54585
63431
92986
-43099
-95785
63190
49568
36237
45484
61639
-51442
-86594
46243
-6044
-7940
-81874
-25621
-22740
92729
-80385
34607
-48160
31925
19540
-2822
-86737
-42033
-62525
-55816
92262
-89209
68295
-16908
-62300
-93289
-15240
-48704
-8772
-82651
-27983
49820
66372
-24641
-91302
42727
2713
27685
31383
89787
-94053
-52786
24261
2559
-91477
65635
42825
85914
-20507
-82287
-46210
-93619
47029
17797
70650
-13553
76630
3262
89451
21789
1307
13145
26999
-90225
-80017
46849
9474
88422
99183
-88095
-46475
58433
-49898
50382
-11244
72024
-97963
-35573
9293
37495
-89941
-40999
-91603
-40541
18064
69955
-25224
-90095
-28233
-43486
87930
2076
32467
74579
-32092
-14538
-5595
16689
91371
-17475
-12624
-35225
57208
-505
52122
48401
-66685
-89598
73104
49982
65986
-70024
-87983
5939
76690
-69208
-41449
-61829
41772
92770
-50644
48546
-51602
95333
44386
-48406
-56976
-65293
65958
66021
50352
-48185
-43099
25173
-32257
12097
-65194
-57458
1488
46198
-3994
78517
-44403
-58802
-4202
-89380
80604
75501
93944
-17332
-46
-85222
99419
-8144
-30310
56381
58966
80423
76787
9593
-28628
8509
-35730
-48830
26130
-31512
-24672
-58434
4044
-48663
6582
-28819
-34990
-44752
-59129
94367
17798
-99264
-44118
8321
-60532
-79934
84948
-39443
-94096
-67114
59119
-30811
-56859
54766
85559
-49982
-20578
-44179
-93111
72273
23694
93227
-22614
82732
92248
79364
80340
27128
17367
41996
-81967
-64044
-44630
-32935
49581
51311
72108
-23813
6740
-91011
96032
94983
-96949
70734
15904
-52372
84396
44925
-3935
3616
86923
89431
46702
-68511
-42659
45321
-25799
-21709
46943
41100
-30109
-94807
1347
-95426
32911
-91390
55580
7651
72373
-12602
47423
4417
-8101
-80140
-59088
49134
18490
26903
-46901
99158
-95300
-84037
67090
-47747
-92685
52510
24935
-8959
-40465
79896
-5076
-98489
38764
-40781
-7395
4875
82602
-6703
-11975
82541
62026
-2803
27299
62865
16700
-45973
-66022
-35821
78804
-29344
6072
52452
-63617
-59148
51890
-469
-18080
37045
15468
4325
-29427
-10176
37782
30095
77956
-92164
-76685
72019
-95563
-82060
-73390
1540
15172
-75073
-41616
18422
-68773
94273
63180
67872
-23815
49646
-82154
65728
10900
-13553
71991
-89895
-98356
-85822
49691
-28050
18273
-77613
53749
77213
27936
-98493
94431
16149
-71120
63786
-43163
58534
-15259
75653
-79457
46133
-40853
29286
23646
59088
88673
19417
-31650
8862
16250
-52994
74973
55908
-87220
92039
-25638
-89162
-82997
-39651
-94239
-62033
-16544
78021
30379
-34778
83276
967
34160
-52226
24988
78871
47442
83755
31149
-96546
-73811
54694
25417
-97382
-17362
45358
46633
-26557
-99696
-52916
6713
-45472
-95024
-4051
-63506
9707
30690
13661
17108
37718
41711
6338
-71363
-38637
90909
-74230
-43511
-85911
21858
51245
38259
62129
-82862
-73811
-24563
69677
-73183
18468
52186
-67598
64231
57563
70555
-22610
72552
-63683
3110
76349
51632
40264
-27224
-72273
-46784
-74797
-75271
92038
30988
22537
11479
-39679
-64244
34050
11447
34060
15264
-9030
-19421
-26342
82655
99554
16011
91165
-33783
50553
-38069
60145
28923
-76673
72883
-57582
-88577
1791
-57730
20760
54024
-52838
-61660
-33930
-18180
-30694
3524
53191
-13045
-55561
-84999
28466
-34769
58203
5579
-82902
-52511
-90678
76694
-12288
-56094
48123
65605
84929
35993
85356
48456
-38514
-78899
-66623
-46624
-71612
-87175
97280
29691
38534
64624
-30723
-78308
1165
82849
88021
-12190
-70261
95751
-83316
96211
-29428
34851
42252
5586
71693
-73109
57280
59285
-54759
-27975
6366
-86443
-26849
79076
-23349
-41782
-69807
-39462
89800
-56790
61910
25778
-45664
93193
-38393
-98005
-18079
-70500
-21545
-3586
-8887
-19175
-21104
14369
60709
-35959
-1186
-54340
-75079
-62341
53706
-63609
78187
-14120
-75265
-52748
53301
90288
28396
-36514
53084
2076
-5447
56091
-66327
-53527
-14501
-71481
79742
-7126
-44159
-78686
70194
64343
99846
52020
50460
-56638
41228
78054
-70380
-80001
94547
16998
-50453
-71649
-43062
-96659
-40430
-18651
79391
34892
-93961
45681
-43838
61620
43400
-28409
-85644
-96488
-56122
-26344
-63210
-56762
86837
48038
-8785
267
39323
52269
70194
32804
50982
-65552
42468
-52740
16779
76324
89246
-49631
23741
54087
81590
24186
59698
-20132
-47540
-84054
-77829
-85553
-10525
17714
73815
35641
-38988
-35952
-25412
84123
9234
-2576
89883
-72040
-83113
-58749
-47560
40035
39660
-76134
82897
98591
-80656
-13392
43058
6072
86295
27913
67793
57784
36138
-6612
47279
96557
49361
57429
-23041
49572
22981
-16464
-69630
-24325
51115
-68816
10440
6947
39770
81149
1165
2644
60216
-88700
63639
40936
84366
75376
-601
-20203
-85148
-85549
35422
62727
49878
-81363
79042
-27449
-94442
71565
-23535
16098
88544
24783
53992
66240
-87723
-13009
87454
30585
-38848
77015
-52126
77481
-59907
-54136
67602
-73847
-82463
23906
-93263
36591
-26463
-27440
-51998
-30340
-98489
-58261
54536
-43302
15578
-26696
74485
63561
42778
-98756
5434
73307
-13919
-39081
-30375
-15498
-50563
-53605
-99906
66201
-62341
-56844
-46715
74749
69193
-86033
-13948
-72459
-99464
-57736
77508
65959
-15160
-64140
-86822
75777
-40871
-20818
-37456
86001
-13924
91276
-41231
-8818
-9242
70653
99158
17489
36099
-81068
99675
-9102
-43846
-32836
85391
-96580
-96982
-73364
13687
80200
-90244
36382
78915
95648
21694
5700
29620
35311
-91793
93520
34960
94777
31580
-25169
-31715
-72448
-67820
75164
-12704
98661
46878
-24412
-39644
-55422
-87446
-83102
51977
61311
-81137
97001
96194
8483
-13351
-14868
41323
-11914
99642
17062
-77790
38141
12057
-3751
-97755
46970
9475
17208
39348
-1997
2660
-64716
-28710
-3751
36840
27404
-69346
-21742
64002
-88355
-41208
-10383
27441
93492
-92754
-82741
-82275
-66810
26619
-34913
76742
-62955
-64970
58461
-79679
-91774
23296
-79741
-53379
65125
95923
31570
-12702
-98768
-1080
75453
-72458
76280
-8209
-74091
-33155
-4914
99881
-57625
-13145
-37906
-7077
-11091
-24238
-87401
-78769
32568
-91847
2762
-5690
-44929
-61348
-55256
17495
-36959
46862
-97675
56562
-23629
64029
-11196
22924
-94888
-52370
-14705
11368
9611
-92145
63951
922
75693
-88972
-25969
46026
31347
-13945
669
39982
35978
-46793
31866
-99383
-26029
-99135
63232
25585
-70896
-65396
-61038
-20057
-39222
-57655
41642
-69732
47374
53511
52134
-61775
-53273
-35979
19156
-23591
-27517
-20724
-53094
50739
31095
-35114
52872
42703
-64798
89484
-21650
39248
37990
-88827
-68155
-84220
-87457
-22373
-24480
-35554
16629
61447
22298
-94356
-52036
-22058
-59018
51614
-80377
-66991
71224
15837
-99778
-1931
52690
68857
7644
38075
16783
68196
25261
84053
495
-89904
-6842
48660
-14300
-5946
-71631
30475
-12741
-30269
-89695
-87087
-5099
-26401
39381
38917
-99241
-57332
-41803
98610
6147
22546
53536
-82314
-1760
91864
97671
-31929
-97502
-70940
54819
47368
-28302
-96809
-82770
-71167
-81976
17004
-51064
8509
43227
74095
57228
31600
-65111
-59798
-59048
-28809
22498
35970
-60115
-15381
71873
-5384
90078
-88799
-51251
-34465
-30184
44353
97863
42122
-77256
97951
-11043
42329
-61490
-4485
86283
51818
30158
46486
27860
49496
92660
-97249
-53053
-40271
-44459
-19693
-71802
62302
-12097
44138
-66203
-83778
84101
-54926
58341
66954
69810
-81742
3384
-6609
-91228
86523
89389
-92380
-30720
4312
-83627
8179
78008
45775
17188
-66918
67621
-99994
-63913
22178
-86792
-55029
57149
77323
99124
34604
-13520
-13277
91192
-82122
66186
57218
-24329
54189
-49124
97954
-30348
-21191
